  23  36   1.0000000e-30
  23  37   1.0000000e-30
  23  38   1.0000000e-30
  23  39   1.0000000e-30
  23  40   1.0000000e-30
  23  41   1.0000000e-30
  23  42   1.0000000e-30
  23  43   8.0546000e-15
  23  44   1.0000000e-30
  23  45   1.0000000e-30
  23  46   1.0000000e-30
  23  47   1.0000000e-30
  23  48   1.0000000e-30
  23  49   1.0000000e-30
  23  50   1.0000000e-30
  23  51   1.0000000e-30
  23  52   1.0000000e-30
  23  53   1.0000000e-30
  23  54   1.0000000e-30
  23  55   1.0000000e-30
  23  56   1.0000000e-30
  23  57   1.0000000e-30
  23  58   1.0000000e-30
  23  59   1.0000000e-30
  23  60   1.0000000e-30
  23  61   1.0000000e-30
  23  62   1.0000000e-30
  23  63   1.0000000e-30
  23  64   1.0000000e-30
  23  65   1.0000000e-30
  23  66   1.0000000e-30
  23  67   1.0000000e-30
  23  68   1.0000000e-30
  23  69   1.0000000e-30
  23  70   1.0000000e-30
  23  71   1.0000000e-30
  23  72   1.0000000e-30
  23  73   1.0000000e-30
  23  74   1.0000000e-30
  23  75   1.0000000e-30
  23  76   1.0000000e-30
  23  77   1.0000000e-30
  23  78   1.0000000e-30
  23  79   1.0000000e-30
  23  80   1.0000000e-30
  23  81   1.0000000e-30
  23  82   1.0000000e-30
  23  83   1.0000000e-30
  23  84   1.0000000e-30
  23  85   1.0000000e-30
  23  86   1.0000000e-30
  23  87   1.0000000e-30
  23  88   1.0000000e-30
  23  89   1.0000000e-30
  23  90   1.0000000e-30
  23  91   1.0000000e-30
  23  92   1.0000000e-30
  23  93   1.0000000e-30
  23  94   1.0000000e-30
  23  95   1.0000000e-30
  23  96   1.0000000e-30
  23  97   1.0000000e-30
  23  98   1.0000000e-30
  23  99   1.0000000e-30
  23 100   1.0000000e-30
  23 101   1.0000000e-30
  23 102   1.0000000e-30
  23 103   1.0000000e-30
  23 104   1.0000000e-30
  23 105   1.0000000e-30
  23 106   1.0000000e-30
  23 107   1.0000000e-30
  23 108   1.0000000e-30
  24  36   1.0000000e-30
  24  37   1.0000000e-30
  24  38   1.0000000e-30
  24  39   1.0000000e-30
  24  40   1.0000000e-30
  24  41   1.0000000e-30
  24  42   2.3455100e-11
  24  43   1.1632300e-11
  24  44   7.9303900e-13
  24  45   1.4632800e-14
  24  46   1.0000000e-30
  24  47   1.0000000e-30
  24  48   1.0000000e-30
  24  49   1.0000000e-30
  24  50   1.0000000e-30
  24  51   1.0000000e-30
  24  52   1.0000000e-30
  24  53   1.0000000e-30
  24  54   1.0000000e-30
  24  55   1.0000000e-30
  24  56   1.0000000e-30
  24  57   1.0000000e-30
  24  58   1.0000000e-30
  24  59   1.0000000e-30
  24  60   1.0000000e-30
  24  61   1.0000000e-30
  24  62   1.0000000e-30
  24  63   1.0000000e-30
  24  64   1.0000000e-30
  24  65   1.0000000e-30
  24  66   1.0000000e-30
  24  67   1.0000000e-30
  24  68   1.0000000e-30
  24  69   1.0000000e-30
  24  70   1.0000000e-30
  24  71   1.0000000e-30
  24  72   1.0000000e-30
  24  73   1.0000000e-30
  24  74   1.0000000e-30
  24  75   1.0000000e-30
  24  76   1.0000000e-30
  24  77   1.0000000e-30
  24  78   1.0000000e-30
  24  79   1.0000000e-30
  24  80   1.0000000e-30
  24  81   1.0000000e-30
  24  82   1.0000000e-30
  24  83   1.0000000e-30
  24  84   1.0000000e-30
  24  85   1.0000000e-30
  24  86   1.0000000e-30
  24  87   1.0000000e-30
  24  88   1.0000000e-30
  24  89   1.0000000e-30
  24  90   1.0000000e-30
  24  91   1.0000000e-30
  24  92   1.0000000e-30
  24  93   1.0000000e-30
  24  94   1.0000000e-30
  24  95   1.0000000e-30
  24  96   1.0000000e-30
  24  97   1.0000000e-30
  24  98   1.0000000e-30
  24  99   1.0000000e-30
  24 100   1.0000000e-30
  24 101   1.0000000e-30
  24 102   1.0000000e-30
  24 103   1.0000000e-30
  24 104   1.0000000e-30
  24 105   1.0000000e-30
  24 106   1.0000000e-30
  24 107   1.0000000e-30
  24 108   1.0000000e-30
  25  36   1.0000000e-30
  25  37   1.0000000e-30
  25  38   1.0000000e-30
  25  39   1.0000000e-30
  25  40   1.0000000e-30
  25  41   1.9884290e-09
  25  42   3.8420010e-09
  25  43   6.4458100e-10
  25  44   6.2718500e-11
  25  45   8.4903600e-12
  25  46   4.4740900e-13
  25  47   3.5280500e-15
  25  48   3.6947800e-16
  25  49   1.0000000e-30
  25  50   1.0000000e-30
  25  51   1.0000000e-30
  25  52   1.0000000e-30
  25  53   1.0000000e-30
  25  54   1.0000000e-30
  25  55   1.0000000e-30
  25  56   1.0000000e-30
  25  57   1.0000000e-30
  25  58   1.0000000e-30
  25  59   1.0000000e-30
  25  60   1.0000000e-30
  25  61   1.0000000e-30
  25  62   1.0000000e-30
  25  63   1.0000000e-30
  25  64   1.0000000e-30
  25  65   1.0000000e-30
  25  66   1.0000000e-30
  25  67   1.0000000e-30
  25  68   1.0000000e-30
  25  69   1.0000000e-30
  25  70   1.0000000e-30
  25  71   1.0000000e-30
  25  72   1.0000000e-30
  25  73   1.0000000e-30
  25  74   1.0000000e-30
  25  75   1.0000000e-30
  25  76   1.0000000e-30
  25  77   1.0000000e-30
  25  78   1.0000000e-30
  25  79   1.0000000e-30
  25  80   1.0000000e-30
  25  81   1.0000000e-30
  25  82   1.0000000e-30
  25  83   1.0000000e-30
  25  84   1.0000000e-30
  25  85   1.0000000e-30
  25  86   1.0000000e-30
  25  87   1.0000000e-30
  25  88   1.0000000e-30
  25  89   1.0000000e-30
  25  90   1.0000000e-30
  25  91   1.0000000e-30
  25  92   1.0000000e-30
  25  93   1.0000000e-30
  25  94   1.0000000e-30
  25  95   1.0000000e-30
  25  96   1.0000000e-30
  25  97   1.0000000e-30
  25  98   1.0000000e-30
  25  99   1.0000000e-30
  25 100   1.0000000e-30
  25 101   1.0000000e-30
  25 102   1.0000000e-30
  25 103   1.0000000e-30
  25 104   1.0000000e-30
  25 105   1.0000000e-30
  25 106   1.0000000e-30
  25 107   1.0000000e-30
  25 108   1.0000000e-30
  26  36   1.0000000e-30
  26  37   1.0000000e-30
  26  38   1.0000000e-30
  26  39   1.0000000e-30
  26  40   2.1642930e-08
  26  41   7.4194870e-08
  26  42   4.8684890e-08
  26  43   1.2376990e-08
  26  44   4.7727510e-09
  26  45   6.2978500e-10
  26  46   3.6098700e-11
  26  47   8.0596500e-12
  26  48   5.4820500e-13
  26  49   5.3805600e-15
  26  50   1.0000000e-30
  26  51   1.0000000e-30
  26  52   1.0000000e-30
  26  53   1.0000000e-30
  26  54   1.0000000e-30
  26  55   1.0000000e-30
  26  56   1.0000000e-30
  26  57   1.0000000e-30
  26  58   1.0000000e-30
  26  59   1.0000000e-30
  26  60   1.0000000e-30
  26  61   1.0000000e-30
  26  62   1.0000000e-30
  26  63   1.0000000e-30
  26  64   1.0000000e-30
  26  65   1.0000000e-30
  26  66   1.0000000e-30
  26  67   1.0000000e-30
  26  68   1.0000000e-30
  26  69   1.0000000e-30
  26  70   1.0000000e-30
  26  71   1.0000000e-30
  26  72   1.0000000e-30
  26  73   1.0000000e-30
  26  74   1.0000000e-30
  26  75   1.0000000e-30
  26  76   1.0000000e-30
  26  77   1.0000000e-30
  26  78   1.0000000e-30
  26  79   1.0000000e-30
  26  80   1.0000000e-30
  26  81   1.0000000e-30
  26  82   1.0000000e-30
  26  83   1.0000000e-30
  26  84   1.0000000e-30
  26  85   1.0000000e-30
  26  86   1.0000000e-30
  26  87   1.0000000e-30
  26  88   1.0000000e-30
  26  89   1.0000000e-30
  26  90   1.0000000e-30
  26  91   1.0000000e-30
  26  92   1.0000000e-30
  26  93   1.0000000e-30
  26  94   1.0000000e-30
  26  95   1.0000000e-30
  26  96   1.0000000e-30
  26  97   1.0000000e-30
  26  98   1.0000000e-30
  26  99   1.0000000e-30
  26 100   1.0000000e-30
  26 101   1.0000000e-30
  26 102   1.0000000e-30
  26 103   1.0000000e-30
  26 104   1.0000000e-30
  26 105   1.0000000e-30
  26 106   1.0000000e-30
  26 107   1.0000000e-30
  26 108   1.0000000e-30
  27  36   1.0000000e-30
  27  37   1.0000000e-30
  27  38   1.0000000e-30
  27  39   1.2374220e-08
  27  40   1.2056420e-07
  27  41   1.5262124e-07
  27  42   1.5936950e-07
  27  43   9.7253160e-08
  27  44   4.9833640e-08
  27  45   9.4398160e-09
  27  46   7.6673890e-09
  27  47   1.1981870e-09
  27  48   8.2744000e-11
  27  49   6.2908900e-12
  27  50   2.5474200e-12
  27  51   7.7454900e-14
  27  52   1.0000000e-30
  27  53   1.0000000e-30
  27  54   1.0000000e-30
  27  55   1.0000000e-30
  27  56   1.0000000e-30
  27  57   1.0000000e-30
  27  58   1.0000000e-30
  27  59   1.0000000e-30
  27  60   1.0000000e-30
  27  61   1.0000000e-30
  27  62   1.0000000e-30
  27  63   1.0000000e-30
  27  64   1.0000000e-30
  27  65   1.0000000e-30
  27  66   1.0000000e-30
  27  67   1.0000000e-30
  27  68   1.0000000e-30
  27  69   1.0000000e-30
  27  70   1.0000000e-30
  27  71   1.0000000e-30
  27  72   1.0000000e-30
  27  73   1.0000000e-30
  27  74   1.0000000e-30
  27  75   1.0000000e-30
  27  76   1.0000000e-30
  27  77   1.0000000e-30
  27  78   1.0000000e-30
  27  79   1.0000000e-30
  27  80   1.0000000e-30
  27  81   1.0000000e-30
  27  82   1.0000000e-30
  27  83   1.0000000e-30
  27  84   1.0000000e-30
  27  85   1.0000000e-30
  27  86   1.0000000e-30
  27  87   1.0000000e-30
  27  88   1.0000000e-30
  27  89   1.0000000e-30
  27  90   1.0000000e-30
  27  91   1.0000000e-30
  27  92   1.0000000e-30
  27  93   1.0000000e-30
  27  94   1.0000000e-30
  27  95   1.0000000e-30
  27  96   1.0000000e-30
  27  97   1.0000000e-30
  27  98   1.0000000e-30
  27  99   1.0000000e-30
  27 100   1.0000000e-30
  27 101   1.0000000e-30
  27 102   1.0000000e-30
  27 103   1.0000000e-30
  27 104   1.0000000e-30
  27 105   1.0000000e-30
  27 106   1.0000000e-30
  27 107   1.0000000e-30
  27 108   1.0000000e-30
  28  36   1.0000000e-30
  28  37   1.0000000e-30
  28  38   1.0572290e-09
  28  39   1.6211900e-08
  28  40   7.6775570e-08
  28  41   1.7365296e-07
  28  42   2.9919750e-07
  28  43   3.0092710e-07
  28  44   2.6885860e-07
  28  45   4.0898840e-07
  28  46   2.2980240e-07
  28  47   5.2719670e-08
  28  48   1.5947660e-08
  28  49   1.0267200e-08
  28  50   1.8536410e-09
  28  51   1.2854700e-10
  28  52   6.8308400e-12
  28  53   1.3212700e-13
  28  54   1.0000000e-30
  28  55   1.0000000e-30
  28  56   1.0000000e-30
  28  57   1.0000000e-30
  28  58   1.0000000e-30
  28  59   1.0000000e-30
  28  60   1.0000000e-30
  28  61   1.0000000e-30
  28  62   1.0000000e-30
  28  63   1.0000000e-30
  28  64   1.0000000e-30
  28  65   1.0000000e-30
  28  66   1.0000000e-30
  28  67   1.0000000e-30
  28  68   1.0000000e-30
  28  69   1.0000000e-30
  28  70   1.0000000e-30
  28  71   1.0000000e-30
  28  72   1.0000000e-30
  28  73   1.0000000e-30
  28  74   1.0000000e-30
  28  75   1.0000000e-30
  28  76   1.0000000e-30
  28  77   1.0000000e-30
  28  78   1.0000000e-30
  28  79   1.0000000e-30
  28  80   1.0000000e-30
  28  81   1.0000000e-30
  28  82   1.0000000e-30
  28  83   1.0000000e-30
  28  84   1.0000000e-30
  28  85   1.0000000e-30
  28  86   1.0000000e-30
  28  87   1.0000000e-30
  28  88   1.0000000e-30
  28  89   1.0000000e-30
  28  90   1.0000000e-30
  28  91   1.0000000e-30
  28  92   1.0000000e-30
  28  93   1.0000000e-30
  28  94   1.0000000e-30
  28  95   1.0000000e-30
  28  96   1.0000000e-30
  28  97   1.0000000e-30
  28  98   1.0000000e-30
  28  99   1.0000000e-30
  28 100   1.0000000e-30
  28 101   1.0000000e-30
  28 102   1.0000000e-30
  28 103   1.0000000e-30
  28 104   1.0000000e-30
  28 105   1.0000000e-30
  28 106   1.0000000e-30
  28 107   1.0000000e-30
  28 108   1.0000000e-30
  29  36   1.0000000e-30
  29  37   2.6865900e-12
  29  38   1.1141800e-10
  29  39   1.1878440e-09
  29  40   1.2378910e-08
  29  41   3.8985496e-08
  29  42   1.3830640e-07
  29  43   2.8170270e-07
  29  44   1.2777250e-06
  29  45   1.3262630e-06
  29  46   1.4106480e-06
  29  47   8.8433020e-07
  29  48   1.6293900e-06
  29  49   7.9134530e-07
  29  50   2.9312680e-07
  29  51   3.2616420e-08
  29  52   2.8913130e-09
  29  53   1.3506700e-10
  29  54   9.2344400e-12
  29  55   1.9895100e-13
  29  56   1.0000000e-30
  29  57   1.0000000e-30
  29  58   1.0000000e-30
  29  59   1.0000000e-30
  29  60   1.0000000e-30
  29  61   1.0000000e-30
  29  62   1.0000000e-30
  29  63   1.0000000e-30
  29  64   1.0000000e-30
  29  65   1.0000000e-30
  29  66   1.0000000e-30
  29  67   1.0000000e-30
  29  68   1.0000000e-30
  29  69   1.0000000e-30
  29  70   1.0000000e-30
  29  71   1.0000000e-30
  29  72   1.0000000e-30
  29  73   1.0000000e-30
  29  74   1.0000000e-30
  29  75   1.0000000e-30
  29  76   1.0000000e-30
  29  77   1.0000000e-30
  29  78   1.0000000e-30
  29  79   1.0000000e-30
  29  80   1.0000000e-30
  29  81   1.0000000e-30
  29  82   1.0000000e-30
  29  83   1.0000000e-30
  29  84   1.0000000e-30
  29  85   1.0000000e-30
  29  86   1.0000000e-30
  29  87   1.0000000e-30
  29  88   1.0000000e-30
  29  89   1.0000000e-30
  29  90   1.0000000e-30
  29  91   1.0000000e-30
  29  92   1.0000000e-30
  29  93   1.0000000e-30
  29  94   1.0000000e-30
  29  95   1.0000000e-30
  29  96   1.0000000e-30
  29  97   1.0000000e-30
  29  98   1.0000000e-30
  29  99   1.0000000e-30
  29 100   1.0000000e-30
  29 101   1.0000000e-30
  29 102   1.0000000e-30
  29 103   1.0000000e-30
  29 104   1.0000000e-30
  29 105   1.0000000e-30
  29 106   1.0000000e-30
  29 107   1.0000000e-30
  29 108   1.0000000e-30
  30  36   1.0000000e-30
  30  37   4.0715700e-14
  30  38   1.8549300e-12
  30  39   5.2545670e-11
  30  40   6.5107400e-10
  30  41   5.1433100e-09
  30  42   4.4528960e-08
  30  43   3.5800831e-07
  30  44   1.1658590e-06
  30  45   2.7285940e-06
  30  46   5.4591160e-06
  30  47   1.6443225e-05
  30  48   3.3222970e-05
  30  49   2.8684840e-05
  30  50   1.2989780e-05
  30  51   2.9444300e-06
  30  52   6.2343610e-07
  30  53   9.1036470e-08
  30  54   9.9427470e-09
  30  55   1.3567700e-10
  30  56   5.9591500e-12
  30  57   1.0000000e-30
  30  58   1.0000000e-30
  30  59   1.0000000e-30
  30  60   1.0000000e-30
  30  61   1.0000000e-30
  30  62   1.0000000e-30
  30  63   1.0000000e-30
  30  64   1.0000000e-30
  30  65   1.0000000e-30
  30  66   1.0000000e-30
  30  67   1.0000000e-30
  30  68   1.0000000e-30
  30  69   1.0000000e-30
  30  70   1.0000000e-30
  30  71   1.0000000e-30
  30  72   1.0000000e-30
  30  73   1.0000000e-30
  30  74   1.0000000e-30
  30  75   1.0000000e-30
  30  76   1.0000000e-30
  30  77   1.0000000e-30
  30  78   1.0000000e-30
  30  79   1.0000000e-30
  30  80   1.0000000e-30
  30  81   1.0000000e-30
  30  82   1.0000000e-30
  30  83   1.0000000e-30
  30  84   1.0000000e-30
  30  85   1.0000000e-30
  30  86   1.0000000e-30
  30  87   1.0000000e-30
  30  88   1.0000000e-30
  30  89   1.0000000e-30
  30  90   1.0000000e-30
  30  91   1.0000000e-30
  30  92   1.0000000e-30
  30  93   1.0000000e-30
  30  94   1.0000000e-30
  30  95   1.0000000e-30
  30  96   1.0000000e-30
  30  97   1.0000000e-30
  30  98   1.0000000e-30
  30  99   1.0000000e-30
  30 100   1.0000000e-30
  30 101   1.0000000e-30
  30 102   1.0000000e-30
  30 103   1.0000000e-30
  30 104   1.0000000e-30
  30 105   1.0000000e-30
  30 106   1.0000000e-30
  30 107   1.0000000e-30
  30 108   1.0000000e-30
  31  36   1.0000000e-30
  31  37   1.0000000e-30
  31  38   1.1481900e-14
  31  39   3.5966400e-13
  31  40   1.2119100e-11
  31  41   2.5373340e-10
  31  42   6.9831680e-09
  31  43   4.5866170e-08
  31  44   4.2265440e-07
  31  45   1.5842010e-06
  31  46   1.3942470e-05
  31  47   6.1046820e-05
  31  48   1.8753990e-04
  31  49   1.5155050e-04
  31  50   1.6391820e-04
  31  51   8.5317010e-05
  31  52   4.2607560e-05
  31  53   1.2427620e-05
  31  54   7.2209080e-07
  31  55   7.1828700e-08
  31  56   1.6940150e-09
  31  57   7.9607600e-12
  31  58   2.9372900e-13
  31  59   1.0000000e-30
  31  60   1.0000000e-30
  31  61   1.0000000e-30
  31  62   1.0000000e-30
  31  63   1.0000000e-30
  31  64   1.0000000e-30
  31  65   1.0000000e-30
  31  66   1.0000000e-30
  31  67   1.0000000e-30
  31  68   1.0000000e-30
  31  69   1.0000000e-30
  31  70   1.0000000e-30
  31  71   1.0000000e-30
  31  72   1.0000000e-30
  31  73   1.0000000e-30
  31  74   1.0000000e-30
  31  75   1.0000000e-30
  31  76   1.0000000e-30
  31  77   1.0000000e-30
  31  78   1.0000000e-30
  31  79   1.0000000e-30
  31  80   1.0000000e-30
  31  81   1.0000000e-30
  31  82   1.0000000e-30
  31  83   1.0000000e-30
  31  84   1.0000000e-30
  31  85   1.0000000e-30
  31  86   1.0000000e-30
  31  87   1.0000000e-30
  31  88   1.0000000e-30
  31  89   1.0000000e-30
  31  90   1.0000000e-30
  31  91   1.0000000e-30
  31  92   1.0000000e-30
  31  93   1.0000000e-30
  31  94   1.0000000e-30
  31  95   1.0000000e-30
  31  96   1.0000000e-30
  31  97   1.0000000e-30
  31  98   1.0000000e-30
  31  99   1.0000000e-30
  31 100   1.0000000e-30
  31 101   1.0000000e-30
  31 102   1.0000000e-30
  31 103   1.0000000e-30
  31 104   1.0000000e-30
  31 105   1.0000000e-30
  31 106   1.0000000e-30
  31 107   1.0000000e-30
  31 108   1.0000000e-30
  32  36   1.0000000e-30
  32  37   1.0000000e-30
  32  38   1.0000000e-30
  32  39   1.0000000e-30
  32  40   1.3364000e-13
  32  41   7.5009800e-12
  32  42   1.8569000e-10
  32  43   3.9258040e-09
  32  44   5.3966670e-08
  32  45   9.7074060e-07
  32  46   1.6933770e-05
  32  47   1.0538885e-04
  32  48   2.4303660e-04
  32  49   5.3748640e-04
  32  50   1.2525010e-03
  32  51   1.1578640e-03
  32  52   1.2366860e-03
  32  53   1.9087370e-04
  32  54   7.0176230e-05
  32  55   4.9387010e-06
  32  56   1.7960920e-07
  32  57   1.1826050e-08
  32  58   1.9001300e-10
  32  59   3.4484800e-12
  32  60   1.0000000e-30
  32  61   1.0000000e-30
  32  62   1.0000000e-30
  32  63   1.0000000e-30
  32  64   1.0000000e-30
  32  65   1.0000000e-30
  32  66   1.0000000e-30
  32  67   1.0000000e-30
  32  68   1.0000000e-30
  32  69   1.0000000e-30
  32  70   1.0000000e-30
  32  71   1.0000000e-30
  32  72   1.0000000e-30
  32  73   1.0000000e-30
  32  74   1.0000000e-30
  32  75   1.0000000e-30
  32  76   1.0000000e-30
  32  77   1.0000000e-30
  32  78   1.0000000e-30
  32  79   1.0000000e-30
  32  80   1.0000000e-30
  32  81   1.0000000e-30
  32  82   1.0000000e-30
  32  83   1.0000000e-30
  32  84   1.0000000e-30
  32  85   1.0000000e-30
  32  86   1.0000000e-30
  32  87   1.0000000e-30
  32  88   1.0000000e-30
  32  89   1.0000000e-30
  32  90   1.0000000e-30
  32  91   1.0000000e-30
  32  92   1.0000000e-30
  32  93   1.0000000e-30
  32  94   1.0000000e-30
  32  95   1.0000000e-30
  32  96   1.0000000e-30
  32  97   1.0000000e-30
  32  98   1.0000000e-30
  32  99   1.0000000e-30
  32 100   1.0000000e-30
  32 101   1.0000000e-30
  32 102   1.0000000e-30
  32 103   1.0000000e-30
  32 104   1.0000000e-30
  32 105   1.0000000e-30
  32 106   1.0000000e-30
  32 107   1.0000000e-30
  32 108   1.0000000e-30
  33  36   1.0000000e-30
  33  37   1.0000000e-30
  33  38   1.0000000e-30
  33  39   1.0000000e-30
  33  40   1.0000000e-30
  33  41   2.1475700e-14
  33  42   1.7267700e-12
  33  43   5.3590900e-11
  33  44   4.1013670e-09
  33  45   1.8967090e-07
  33  46   4.7136400e-06
  33  47   1.9498740e-05
  33  48   1.5417530e-04
  33  49   7.3720810e-04
  33  50   2.4057410e-03
  33  51   4.6261000e-03
  33  52   3.0106400e-03
  33  53   2.2660870e-03
  33  54   7.4195320e-04
  33  55   1.0176470e-04
  33  56   1.9261150e-05
  33  57   1.7456390e-06
  33  58   1.1882780e-07
  33  59   6.5898060e-09
  33  60   6.7500500e-11
  33  61   8.3658800e-13
  33  62   1.0000000e-30
  33  63   1.0000000e-30
  33  64   1.0000000e-30
  33  65   1.0000000e-30
  33  66   1.0000000e-30
  33  67   1.0000000e-30
  33  68   1.0000000e-30
  33  69   1.0000000e-30
  33  70   1.0000000e-30
  33  71   1.0000000e-30
  33  72   1.0000000e-30
  33  73   1.0000000e-30
  33  74   1.0000000e-30
  33  75   1.0000000e-30
  33  76   1.0000000e-30
  33  77   1.0000000e-30
  33  78   1.0000000e-30
  33  79   1.0000000e-30
  33  80   1.0000000e-30
  33  81   1.0000000e-30
  33  82   1.0000000e-30
  33  83   1.0000000e-30
  33  84   1.0000000e-30
  33  85   1.0000000e-30
  33  86   1.0000000e-30
  33  87   1.0000000e-30
  33  88   1.0000000e-30
  33  89   1.0000000e-30
  33  90   1.0000000e-30
  33  91   1.0000000e-30
  33  92   1.0000000e-30
  33  93   1.0000000e-30
  33  94   1.0000000e-30
  33  95   1.0000000e-30
  33  96   1.0000000e-30
  33  97   1.0000000e-30
  33  98   1.0000000e-30
  33  99   1.0000000e-30
  33 100   1.0000000e-30
  33 101   1.0000000e-30
  33 102   1.0000000e-30
  33 103   1.0000000e-30
  33 104   1.0000000e-30
  33 105   1.0000000e-30
  33 106   1.0000000e-30
  33 107   1.0000000e-30
  33 108   1.0000000e-30
  34  36   1.0000000e-30
  34  37   1.0000000e-30
  34  38   1.0000000e-30
  34  39   1.0000000e-30
  34  40   1.0000000e-30
  34  41   1.0000000e-30
  34  42   1.0000000e-30
  34  43   8.6413900e-13
  34  44   1.9526500e-10
  34  45   1.2364216e-08
  34  46   1.7446330e-07
  34  47   3.2925340e-06
  34  48   6.0805660e-05
  34  49   3.5136135e-04
  34  50   2.3405560e-03
  34  51   3.8098400e-03
  34  52   8.8256970e-03
  34  53   7.1131420e-03
  34  54   4.9709460e-03
  34  55   1.5072890e-03
  34  56   7.3911410e-04
  34  57   1.4996290e-04
  34  58   2.9875490e-05
  34  59   8.2405570e-07
  34  60   4.5978340e-08
  34  61   3.1056200e-11
  34  62   3.0595000e-11
  34  63   1.0000000e-30
  34  64   1.0000000e-30
  34  65   1.0000000e-30
  34  66   1.0000000e-30
  34  67   1.0000000e-30
  34  68   1.0000000e-30
  34  69   1.0000000e-30
  34  70   1.0000000e-30
  34  71   1.0000000e-30
  34  72   1.0000000e-30
  34  73   1.0000000e-30
  34  74   1.0000000e-30
  34  75   1.0000000e-30
  34  76   1.0000000e-30
  34  77   1.0000000e-30
  34  78   1.0000000e-30
  34  79   1.0000000e-30
  34  80   1.0000000e-30
  34  81   1.0000000e-30
  34  82   1.0000000e-30
  34  83   1.0000000e-30
  34  84   1.0000000e-30
  34  85   1.0000000e-30
  34  86   1.0000000e-30
  34  87   1.0000000e-30
  34  88   1.0000000e-30
  34  89   1.0000000e-30
  34  90   1.0000000e-30
  34  91   1.0000000e-30
  34  92   1.0000000e-30
  34  93   1.0000000e-30
  34  94   1.0000000e-30
  34  95   1.0000000e-30
  34  96   1.0000000e-30
  34  97   1.0000000e-30
  34  98   1.0000000e-30
  34  99   1.0000000e-30
  34 100   1.0000000e-30
  34 101   1.0000000e-30
  34 102   1.0000000e-30
  34 103   1.0000000e-30
  34 104   1.0000000e-30
  34 105   1.0000000e-30
  34 106   1.0000000e-30
  34 107   1.0000000e-30
  34 108   1.0000000e-30
  35  36   1.0000000e-30
  35  37   1.0000000e-30
  35  38   1.0000000e-30
  35  39   1.0000000e-30
  35  40   1.0000000e-30
  35  41   1.0000000e-30
  35  42   1.0000000e-30
  35  43   1.0000000e-30
  35  44   1.5709350e-12
  35  45   4.6491000e-11
  35  46   3.9268520e-09
  35  47   7.4957910e-07
  35  48   3.5231450e-06
  35  49   3.9407060e-05
  35  50   4.0073900e-04
  35  51   1.7571080e-03
  35  52   7.7183010e-03
  35  53   9.9528430e-03
  35  54   1.8222900e-02
  35  55   1.0847440e-02
  35  56   7.4148610e-03
  35  57   3.7879920e-03
  35  58   4.3395070e-04
  35  59   5.5312680e-05
  35  60   6.8717670e-07
  35  61   4.8975620e-07
  35  62   1.0644940e-09
  35  63   9.5058200e-11
  35  64   5.8640600e-12
  35  65   4.9874200e-14
  35  66   1.0000000e-30
  35  67   1.0000000e-30
  35  68   1.0000000e-30
  35  69   1.0000000e-30
  35  70   1.0000000e-30
  35  71   1.0000000e-30
  35  72   1.0000000e-30
  35  73   1.0000000e-30
  35  74   1.0000000e-30
  35  75   1.0000000e-30
  35  76   1.0000000e-30
  35  77   1.0000000e-30
  35  78   1.0000000e-30
  35  79   1.0000000e-30
  35  80   1.0000000e-30
  35  81   1.0000000e-30
  35  82   1.0000000e-30
  35  83   1.0000000e-30
  35  84   1.0000000e-30
  35  85   1.0000000e-30
  35  86   1.0000000e-30
  35  87   1.0000000e-30
  35  88   1.0000000e-30
  35  89   1.0000000e-30
  35  90   1.0000000e-30
  35  91   1.0000000e-30
  35  92   1.0000000e-30
  35  93   1.0000000e-30
  35  94   1.0000000e-30
  35  95   1.0000000e-30
  35  96   1.0000000e-30
  35  97   1.0000000e-30
  35  98   1.0000000e-30
  35  99   1.0000000e-30
  35 100   1.0000000e-30
  35 101   1.0000000e-30
  35 102   1.0000000e-30
  35 103   1.0000000e-30
  35 104   1.0000000e-30
  35 105   1.0000000e-30
  35 106   1.0000000e-30
  35 107   1.0000000e-30
  35 108   1.0000000e-30
  36  36   1.0000000e-30
  36  37   1.0000000e-30
  36  38   1.0000000e-30
  36  39   1.0000000e-30
  36  40   1.0000000e-30
  36  41   1.0000000e-30
  36  42   1.0000000e-30
  36  43   1.0000000e-30
  36  44   1.0000000e-30
  36  45   2.1889000e-13
  36  46   4.7466500e-11
  36  47   1.8951380e-09
  36  48   5.7618250e-08
  36  49   1.5475371e-05
  36  50   4.1460290e-05
  36  51   6.7058440e-04
  36  52   5.2231780e-03
  36  53   6.1768210e-03
  36  54   1.7465930e-02
  36  55   2.2894160e-02
  36  56   3.0821300e-02
  36  57   5.6353650e-03
  36  58   6.4776900e-03
  36  59   5.1610900e-04
  36  60   5.3053880e-04
  36  61   9.1225230e-06
  36  62   1.7782300e-06
  36  63   1.5334460e-07
  36  64   5.3088880e-09
  36  65   2.4185200e-11
  36  66   4.7092200e-13
  36  67   1.0000000e-30
  36  68   1.0000000e-30
  36  69   1.0000000e-30
  36  70   1.0000000e-30
  36  71   1.0000000e-30
  36  72   1.0000000e-30
  36  73   1.0000000e-30
  36  74   1.0000000e-30
  36  75   1.0000000e-30
  36  76   1.0000000e-30
  36  77   1.0000000e-30
  36  78   1.0000000e-30
  36  79   1.0000000e-30
  36  80   1.0000000e-30
  36  81   1.0000000e-30
  36  82   1.0000000e-30
  36  83   1.0000000e-30
  36  84   1.0000000e-30
  36  85   1.0000000e-30
  36  86   1.0000000e-30
  36  87   1.0000000e-30
  36  88   1.0000000e-30
  36  89   1.0000000e-30
  36  90   1.0000000e-30
  36  91   1.0000000e-30
  36  92   1.0000000e-30
  36  93   1.0000000e-30
  36  94   1.0000000e-30
  36  95   1.0000000e-30
  36  96   1.0000000e-30
  36  97   1.0000000e-30
  36  98   1.0000000e-30
  36  99   1.0000000e-30
  36 100   1.0000000e-30
  36 101   1.0000000e-30
  36 102   1.0000000e-30
  36 103   1.0000000e-30
  36 104   1.0000000e-30
  36 105   1.0000000e-30
  36 106   1.0000000e-30
  36 107   1.0000000e-30
  36 108   1.0000000e-30
  37  36   1.0000000e-30
  37  37   1.0000000e-30
  37  38   1.0000000e-30
  37  39   1.0000000e-30
  37  40   1.0000000e-30
  37  41   1.0000000e-30
  37  42   1.0000000e-30
  37  43   1.0000000e-30
  37  44   1.0000000e-30
  37  45   1.0000000e-30
  37  46   4.6906500e-14
  37  47   2.1309800e-12
  37  48   6.2328200e-10
  37  49   2.5964840e-08
  37  50   1.3047360e-06
  37  51   2.5337820e-05
  37  52   1.6759110e-03
  37  53   3.3985890e-03
  37  54   9.8142330e-03
  37  55   6.5710460e-03
  37  56   3.7939850e-02
  37  57   2.2371730e-02
  37  58   1.8003120e-02
  37  59   1.0709780e-02
  37  60   1.2649330e-03
  37  61   7.8738670e-04
  37  62   1.8425090e-04
  37  63   1.5577680e-05
  37  64   4.5793060e-07
  37  65   1.6195800e-08
  37  66   2.5684500e-10
  37  67   1.9651300e-12
  37  68   7.2737900e-15
  37  69   1.0000000e-30
  37  70   1.0000000e-30
  37  71   1.0000000e-30
  37  72   1.0000000e-30
  37  73   1.0000000e-30
  37  74   1.0000000e-30
  37  75   1.0000000e-30
  37  76   1.0000000e-30
  37  77   1.0000000e-30
  37  78   1.0000000e-30
  37  79   1.0000000e-30
  37  80   1.0000000e-30
  37  81   1.0000000e-30
  37  82   1.0000000e-30
  37  83   1.0000000e-30
  37  84   1.0000000e-30
  37  85   1.0000000e-30
  37  86   1.0000000e-30
  37  87   1.0000000e-30
  37  88   1.0000000e-30
  37  89   1.0000000e-30
  37  90   1.0000000e-30
  37  91   1.0000000e-30
  37  92   1.0000000e-30
  37  93   1.0000000e-30
  37  94   1.0000000e-30
  37  95   1.0000000e-30
  37  96   1.0000000e-30
  37  97   1.0000000e-30
  37  98   1.0000000e-30
  37  99   1.0000000e-30
  37 100   1.0000000e-30
  37 101   1.0000000e-30
  37 102   1.0000000e-30
  37 103   1.0000000e-30
  37 104   1.0000000e-30
  37 105   1.0000000e-30
  37 106   1.0000000e-30
  37 107   1.0000000e-30
  37 108   1.0000000e-30
  38  36   1.0000000e-30
  38  37   1.0000000e-30
  38  38   1.0000000e-30
  38  39   1.0000000e-30
  38  40   1.0000000e-30
  38  41   1.0000000e-30
  38  42   1.0000000e-30
  38  43   1.0000000e-30
  38  44   1.0000000e-30
  38  45   1.0000000e-30
  38  46   1.0000000e-30
  38  47   1.0000000e-30
  38  48   1.2740200e-12
  38  49   1.9697400e-10
  38  50   1.9847850e-08
  38  51   1.0601550e-07
  38  52   6.7605290e-06
  38  53   1.0897520e-04
  38  54   1.8972460e-03
  38  55   5.0795490e-03
  38  56   1.5638570e-02
  38  57   2.5596830e-02
  38  58   4.1650840e-02
  38  59   3.9308110e-02
  38  60   2.0989260e-02
  38  61   1.5575110e-02
  38  62   3.6876320e-03
  38  63   3.6841730e-04
  38  64   4.0668930e-05
  38  65   3.1874330e-06
  38  66   7.5428770e-08
  38  67   8.0101300e-10
  38  68   1.0000000e-30
  38  69   1.0000000e-30
  38  70   1.0000000e-30
  38  71   1.0000000e-30
  38  72   1.0000000e-30
  38  73   1.0000000e-30
  38  74   1.0000000e-30
  38  75   1.0000000e-30
  38  76   1.0000000e-30
  38  77   1.0000000e-30
  38  78   1.0000000e-30
  38  79   1.0000000e-30
  38  80   1.0000000e-30
  38  81   1.0000000e-30
  38  82   1.0000000e-30
  38  83   1.0000000e-30
  38  84   1.0000000e-30
  38  85   1.0000000e-30
  38  86   1.0000000e-30
  38  87   1.0000000e-30
  38  88   1.0000000e-30
  38  89   1.0000000e-30
  38  90   1.0000000e-30
  38  91   1.0000000e-30
  38  92   1.0000000e-30
  38  93   1.0000000e-30
  38  94   1.0000000e-30
  38  95   1.0000000e-30
  38  96   1.0000000e-30
  38  97   1.0000000e-30
  38  98   1.0000000e-30
  38  99   1.0000000e-30
  38 100   1.0000000e-30
  38 101   1.0000000e-30
  38 102   1.0000000e-30
  38 103   1.0000000e-30
  38 104   1.0000000e-30
  38 105   1.0000000e-30
  38 106   1.0000000e-30
  38 107   1.0000000e-30
  38 108   1.0000000e-30
  39  36   1.0000000e-30
  39  37   1.0000000e-30
  39  38   1.0000000e-30
  39  39   1.0000000e-30
  39  40   1.0000000e-30
  39  41   1.0000000e-30
  39  42   1.0000000e-30
  39  43   1.0000000e-30
  39  44   1.0000000e-30
  39  45   1.0000000e-30
  39  46   1.0000000e-30
  39  47   1.0000000e-30
  39  48   1.0000000e-30
  39  49   3.0190900e-13
  39  50   5.8937100e-12
  39  51   1.0851050e-09
  39  52   6.7211830e-08
  39  53   4.1127080e-06
  39  54   2.8363204e-05
  39  55   1.5430050e-03
  39  56   7.2491010e-03
  39  57   7.0424890e-03
  39  58   1.3167062e-02
  39  59   3.2107900e-02
  39  60   2.8464850e-02
  39  61   1.5145640e-02
  39  62   1.4285820e-02
  39  63   3.1838448e-03
  39  64   1.4220710e-03
  39  65   7.5399860e-05
  39  66   3.9617930e-06
  39  67   3.0656900e-12
  39  68   1.8296400e-14
  39  69   8.6574400e-17
  39  70   1.8978000e-17
  39  71   1.0000000e-30
  39  72   1.0000000e-30
  39  73   1.0000000e-30
  39  74   1.0000000e-30
  39  75   1.0000000e-30
  39  76   1.0000000e-30
  39  77   1.0000000e-30
  39  78   1.0000000e-30
  39  79   1.0000000e-30
  39  80   1.0000000e-30
  39  81   1.0000000e-30
  39  82   1.0000000e-30
  39  83   1.0000000e-30
  39  84   1.0000000e-30
  39  85   1.0000000e-30
  39  86   1.0000000e-30
  39  87   1.0000000e-30
  39  88   1.0000000e-30
  39  89   1.0000000e-30
  39  90   1.0000000e-30
  39  91   1.0000000e-30
  39  92   1.0000000e-30
  39  93   1.0000000e-30
  39  94   1.0000000e-30
  39  95   1.0000000e-30
  39  96   1.0000000e-30
  39  97   1.0000000e-30
  39  98   1.0000000e-30
  39  99   1.0000000e-30
  39 100   1.0000000e-30
  39 101   1.0000000e-30
  39 102   1.0000000e-30
  39 103   1.0000000e-30
  39 104   1.0000000e-30
  39 105   1.0000000e-30
  39 106   1.0000000e-30
  39 107   1.0000000e-30
  39 108   1.0000000e-30
  40  36   1.0000000e-30
  40  37   1.0000000e-30
  40  38   1.0000000e-30
  40  39   1.0000000e-30
  40  40   1.0000000e-30
  40  41   1.0000000e-30
  40  42   1.0000000e-30
  40  43   1.0000000e-30
  40  44   1.0000000e-30
  40  45   1.0000000e-30
  40  46   1.0000000e-30
  40  47   1.0000000e-30
  40  48   1.0000000e-30
  40  49   1.0000000e-30
  40  50   7.4012100e-15
  40  51   1.5157500e-12
  40  52   6.3635100e-10
  40  53   1.1173330e-08
  40  54   5.5556620e-07
  40  55   2.3292580e-05
  40  56   2.2113090e-04
  40  57   1.8543460e-03
  40  58   5.5174980e-03
  40  59   1.6917780e-02
  40  60   4.5892430e-02
  40  61   3.7094760e-02
  40  62   4.9608590e-02
  40  63   2.6638690e-02
  40  64   2.8198620e-02
  40  65   9.4605880e-04
  40  66   7.7504970e-06
  40  67   2.5490990e-07
  40  68   7.5490050e-09
  40  69   7.9868800e-10
  40  70   1.2047600e-12
  40  71   5.5408080e-09
  40  72   7.4201900e-12
  40  73   1.0000000e-30
  40  74   1.0000000e-30
  40  75   1.0000000e-30
  40  76   1.0000000e-30
  40  77   1.0000000e-30
  40  78   1.0000000e-30
  40  79   1.0000000e-30
  40  80   1.0000000e-30
  40  81   1.0000000e-30
  40  82   1.0000000e-30
  40  83   1.0000000e-30
  40  84   1.0000000e-30
  40  85   1.0000000e-30
  40  86   1.0000000e-30
  40  87   1.0000000e-30
  40  88   1.0000000e-30
  40  89   1.0000000e-30
  40  90   1.0000000e-30
  40  91   1.0000000e-30
  40  92   1.0000000e-30
  40  93   1.0000000e-30
  40  94   1.0000000e-30
  40  95   1.0000000e-30
  40  96   1.0000000e-30
  40  97   1.0000000e-30
  40  98   1.0000000e-30
  40  99   1.0000000e-30
  40 100   1.0000000e-30
  40 101   1.0000000e-30
  40 102   1.0000000e-30
  40 103   1.0000000e-30
  40 104   1.0000000e-30
  40 105   1.0000000e-30
  40 106   1.0000000e-30
  40 107   1.0000000e-30
  40 108   1.0000000e-30
  41  36   1.0000000e-30
  41  37   1.0000000e-30
  41  38   1.0000000e-30
  41  39   1.0000000e-30
  41  40   1.0000000e-30
  41  41   1.0000000e-30
  41  42   1.0000000e-30
  41  43   1.0000000e-30
  41  44   1.0000000e-30
  41  45   1.0000000e-30
  41  46   1.0000000e-30
  41  47   1.0000000e-30
  41  48   1.0000000e-30
  41  49   1.0000000e-30
  41  50   1.0000000e-30
  41  51   1.0000000e-30
  41  52   1.8099640e-13
  41  53   2.5622410e-11
  41  54   4.9634700e-09
  41  55   1.1777260e-07
  41  56   4.4871542e-06
  41  57   2.8421100e-05
  41  58   5.2063520e-04
  41  59   2.1995100e-03
  41  60   7.6552590e-03
  41  61   1.1043697e-02
  41  62   3.1689530e-02
  41  63   1.6417595e-02
  41  64   1.3220380e-02
  41  65   5.9338830e-03
  41  66   1.4773180e-03
  41  67   1.6342110e-04
  41  68   2.9697180e-05
  41  69   9.4629170e-07
  41  70   4.1088920e-06
  41  71   4.8142860e-08
  41  72   9.8441500e-10
  41  73   7.1750400e-12
  41  74   1.5084300e-13
  41  75   1.0000000e-30
  41  76   1.0000000e-30
  41  77   1.0000000e-30
  41  78   1.0000000e-30
  41  79   1.0000000e-30
  41  80   1.0000000e-30
  41  81   1.0000000e-30
  41  82   1.0000000e-30
  41  83   1.0000000e-30
  41  84   1.0000000e-30
  41  85   1.0000000e-30
  41  86   1.0000000e-30
  41  87   1.0000000e-30
  41  88   1.0000000e-30
  41  89   1.0000000e-30
  41  90   1.0000000e-30
  41  91   1.0000000e-30
  41  92   1.0000000e-30
  41  93   1.0000000e-30
  41  94   1.0000000e-30
  41  95   1.0000000e-30
  41  96   1.0000000e-30
  41  97   1.0000000e-30
  41  98   1.0000000e-30
  41  99   1.0000000e-30
  41 100   1.0000000e-30
  41 101   1.0000000e-30
  41 102   1.0000000e-30
  41 103   1.0000000e-30
  41 104   1.0000000e-30
  41 105   1.0000000e-30
  41 106   1.0000000e-30
  41 107   1.0000000e-30
  41 108   1.0000000e-30
  42  36   1.0000000e-30
  42  37   1.0000000e-30
  42  38   1.0000000e-30
  42  39   1.0000000e-30
  42  40   1.0000000e-30
  42  41   1.0000000e-30
  42  42   1.0000000e-30
  42  43   1.0000000e-30
  42  44   1.0000000e-30
  42  45   1.0000000e-30
  42  46   1.0000000e-30
  42  47   1.0000000e-30
  42  48   1.0000000e-30
  42  49   1.0000000e-30
  42  50   1.0000000e-30
  42  51   1.0000000e-30
  42  52   1.0000000e-30
  42  53   3.4159900e-14
  42  54   4.3376100e-12
  42  55   3.7581100e-10
  42  56   9.7775820e-09
  42  57   7.9007700e-07
  42  58   1.2554250e-05
  42  59   9.8536170e-05
  42  60   5.7638770e-04
  42  61   2.9638630e-03
  42  62   5.5610810e-03
  42  63   2.5044460e-02
  42  64   1.8711080e-02
  42  65   1.2166400e-02
  42  66   5.0833080e-03
  42  67   1.6759550e-03
  42  68   6.1554130e-04
  42  69   1.6744960e-04
  42  70   1.9824730e-05
  42  71   1.2946150e-06
  42  72   5.4907750e-08
  42  73   2.8842740e-09
  42  74   7.1059400e-11
  42  75   3.9570300e-13
  42  76   1.0000000e-30
  42  77   1.0000000e-30
  42  78   1.0000000e-30
  42  79   1.0000000e-30
  42  80   1.0000000e-30
  42  81   1.0000000e-30
  42  82   1.0000000e-30
  42  83   1.0000000e-30
  42  84   1.0000000e-30
  42  85   1.0000000e-30
  42  86   1.0000000e-30
  42  87   1.0000000e-30
  42  88   1.0000000e-30
  42  89   1.0000000e-30
  42  90   1.0000000e-30
  42  91   1.0000000e-30
  42  92   1.0000000e-30
  42  93   1.0000000e-30
  42  94   1.0000000e-30
  42  95   1.0000000e-30
  42  96   1.0000000e-30
  42  97   1.0000000e-30
  42  98   1.0000000e-30
  42  99   1.0000000e-30
  42 100   1.0000000e-30
  42 101   1.0000000e-30
  42 102   1.0000000e-30
  42 103   1.0000000e-30
  42 104   1.0000000e-30
  42 105   1.0000000e-30
  42 106   1.0000000e-30
  42 107   1.0000000e-30
  42 108   1.0000000e-30
  43  36   1.0000000e-30
  43  37   1.0000000e-30
  43  38   1.0000000e-30
  43  39   1.0000000e-30
  43  40   1.0000000e-30
  43  41   1.0000000e-30
  43  42   1.0000000e-30
  43  43   1.0000000e-30
  43  44   1.0000000e-30
  43  45   1.0000000e-30
  43  46   1.0000000e-30
  43  47   1.0000000e-30
  43  48   1.0000000e-30
  43  49   1.0000000e-30
  43  50   1.0000000e-30
  43  51   1.0000000e-30
  43  52   1.0000000e-30
  43  53   1.0000000e-30
  43  54   1.0000000e-30
  43  55   7.4936900e-14
  43  56   5.7757840e-11
  43  57   2.2351570e-09
  43  58   2.5683480e-03
  43  59   1.0842484e-06
  43  60   1.6792780e-05
  43  61   9.1943700e-05
  43  62   1.2783240e-03
  43  63   2.3709660e-04
  43  64   8.1031880e-04
  43  65   7.6533670e-04
  43  66   8.1297640e-04
  43  67   7.8225470e-04
  43  68   4.4174070e-04
  43  69   2.3696120e-04
  43  70   8.1893350e-05
  43  71   1.2121870e-05
  43  72   2.4229830e-06
  43  73   1.8318980e-07
  43  74   5.8696100e-09
  43  75   2.8015800e-10
  43  76   6.7909700e-12
  43  77   3.3694300e-14
  43  78   1.0000000e-30
  43  79   1.0000000e-30
  43  80   1.0000000e-30
  43  81   1.0000000e-30
  43  82   1.0000000e-30
  43  83   1.0000000e-30
  43  84   1.0000000e-30
  43  85   1.0000000e-30
  43  86   1.0000000e-30
  43  87   1.0000000e-30
  43  88   1.0000000e-30
  43  89   1.0000000e-30
  43  90   1.0000000e-30
  43  91   1.0000000e-30
  43  92   1.0000000e-30
  43  93   1.0000000e-30
  43  94   1.0000000e-30
  43  95   1.0000000e-30
  43  96   1.0000000e-30
  43  97   1.0000000e-30
  43  98   1.0000000e-30
  43  99   1.0000000e-30
  43 100   1.0000000e-30
  43 101   1.0000000e-30
  43 102   1.0000000e-30
  43 103   1.0000000e-30
  43 104   1.0000000e-30
  43 105   1.0000000e-30
  43 106   1.0000000e-30
  43 107   1.0000000e-30
  43 108   1.0000000e-30
  44  36   1.0000000e-30
  44  37   1.0000000e-30
  44  38   1.0000000e-30
  44  39   1.0000000e-30
  44  40   1.0000000e-30
  44  41   1.0000000e-30
  44  42   1.0000000e-30
  44  43   1.0000000e-30
  44  44   1.0000000e-30
  44  45   1.0000000e-30
  44  46   1.0000000e-30
  44  47   1.0000000e-30
  44  48   1.0000000e-30
  44  49   1.0000000e-30
  44  50   1.0000000e-30
  44  51   1.0000000e-30
  44  52   1.0000000e-30
  44  53   1.0000000e-30
  44  54   1.0000000e-30
  44  55   1.0000000e-30
  44  56   2.9097200e-14
  44  57   1.5736900e-12
  44  58   1.6146600e-10
  44  59   4.3327470e-09
  44  60   1.1002430e-07
  44  61   7.1942560e-06
  44  62   3.8053430e-09
  44  63   6.4165060e-08
  44  64   3.3843850e-07
  44  65   2.0215590e-06
  44  66   8.4389460e-06
  44  67   9.7177480e-05
  44  68   2.8688210e-04
  44  69   2.9378590e-04
  44  70   2.0634190e-04
  44  71   9.5245700e-05
  44  72   3.4013330e-05
  44  73   3.8304370e-06
  44  74   6.7889470e-07
  44  75   4.3992700e-08
  44  76   1.2131650e-09
  44  77   1.2200600e-11
  44  78   2.8148000e-13
  44  79   4.8860900e-15
  44  80   1.0000000e-30
  44  81   1.0000000e-30
  44  82   1.0000000e-30
  44  83   1.0000000e-30
  44  84   1.0000000e-30
  44  85   1.0000000e-30
  44  86   1.0000000e-30
  44  87   1.0000000e-30
  44  88   1.0000000e-30
  44  89   1.0000000e-30
  44  90   1.0000000e-30
  44  91   1.0000000e-30
  44  92   1.0000000e-30
  44  93   1.0000000e-30
  44  94   1.0000000e-30
  44  95   1.0000000e-30
  44  96   1.0000000e-30
  44  97   1.0000000e-30
  44  98   1.0000000e-30
  44  99   1.0000000e-30
  44 100   1.0000000e-30
  44 101   1.0000000e-30
  44 102   1.0000000e-30
  44 103   1.0000000e-30
  44 104   1.0000000e-30
  44 105   1.0000000e-30
  44 106   1.0000000e-30
  44 107   1.0000000e-30
  44 108   1.0000000e-30
  45  36   1.0000000e-30
  45  37   1.0000000e-30
  45  38   1.0000000e-30
  45  39   1.0000000e-30
  45  40   1.0000000e-30
  45  41   1.0000000e-30
  45  42   1.0000000e-30
  45  43   1.0000000e-30
  45  44   1.0000000e-30
  45  45   1.0000000e-30
  45  46   1.0000000e-30
  45  47   1.0000000e-30
  45  48   1.0000000e-30
  45  49   1.0000000e-30
  45  50   1.0000000e-30
  45  51   1.0000000e-30
  45  52   1.0000000e-30
  45  53   1.0000000e-30
  45  54   1.0000000e-30
  45  55   1.0000000e-30
  45  56   1.0000000e-30
  45  57   1.0000000e-30
  45  58   4.2370620e-14
  45  59   3.4883930e-12
  45  60   2.0373290e-09
  45  61   1.0000000e-30
  45  62   1.0000000e-30
  45  63   4.3258100e-14
  45  64   5.9863700e-12
  45  65   3.9566400e-11
  45  66   1.4449160e-06
  45  67   1.5066615e-05
  45  68   8.2504060e-05
  45  69   1.5954487e-04
  45  70   2.3304540e-04
  45  71   2.0566872e-04
  45  72   1.1529590e-04
  45  73   4.8560070e-05
  45  74   1.3083180e-05
  45  75   1.2012540e-06
  45  76   6.5970420e-08
  45  77   3.8727460e-09
  45  78   2.4615100e-10
  45  79   3.1723900e-12
  45  80   1.1126500e-13
  45  81   1.0000000e-30
  45  82   1.0000000e-30
  45  83   1.0000000e-30
  45  84   1.0000000e-30
  45  85   1.0000000e-30
  45  86   1.0000000e-30
  45  87   1.0000000e-30
  45  88   1.0000000e-30
  45  89   1.0000000e-30
  45  90   1.0000000e-30
  45  91   1.0000000e-30
  45  92   1.0000000e-30
  45  93   1.0000000e-30
  45  94   1.0000000e-30
  45  95   1.0000000e-30
  45  96   1.0000000e-30
  45  97   1.0000000e-30
  45  98   1.0000000e-30
  45  99   1.0000000e-30
  45 100   1.0000000e-30
  45 101   1.0000000e-30
  45 102   1.0000000e-30
  45 103   1.0000000e-30
  45 104   1.0000000e-30
  45 105   1.0000000e-30
  45 106   1.0000000e-30
  45 107   1.0000000e-30
  45 108   1.0000000e-30
  46  36   1.0000000e-30
  46  37   1.0000000e-30
  46  38   1.0000000e-30
  46  39   1.0000000e-30
  46  40   1.0000000e-30
  46  41   1.0000000e-30
  46  42   1.0000000e-30
  46  43   1.0000000e-30
  46  44   1.0000000e-30
  46  45   1.0000000e-30
  46  46   1.0000000e-30
  46  47   1.0000000e-30
  46  48   1.0000000e-30
  46  49   1.0000000e-30
  46  50   1.0000000e-30
  46  51   1.0000000e-30
  46  52   1.0000000e-30
  46  53   1.0000000e-30
  46  54   1.0000000e-30
  46  55   1.0000000e-30
  46  56   1.0000000e-30
  46  57   1.0000000e-30
  46  58   1.0000000e-30
  46  59   2.6768000e-14
  46  60   1.0000000e-30
  46  61   1.0000000e-30
  46  62   1.0000000e-30
  46  63   1.0000000e-30
  46  64   1.0000000e-30
  46  65   1.1487010e-09
  46  66   6.0971410e-08
  46  67   1.4925674e-06
  46  68   1.4344340e-05
  46  69   4.4134843e-05
  46  70   1.4829960e-04
  46  71   2.2376611e-04
  46  72   2.9145120e-04
  46  73   1.8427180e-04
  46  74   8.4651650e-05
  46  75   1.5813670e-05
  46  76   3.6325870e-06
  46  77   5.3040180e-07
  46  78   3.2724160e-08
  46  79   2.1311090e-09
  46  80   1.0000000e-30
  46  81   6.2689100e-20
  46  82   1.0000000e-30
  46  83   1.0000000e-30
  46  84   1.0000000e-30
  46  85   1.0000000e-30
  46  86   1.0000000e-30
  46  87   1.0000000e-30
  46  88   1.0000000e-30
  46  89   1.0000000e-30
  46  90   1.0000000e-30
  46  91   1.0000000e-30
  46  92   1.0000000e-30
  46  93   1.0000000e-30
  46  94   1.0000000e-30
  46  95   1.0000000e-30
  46  96   1.0000000e-30
  46  97   1.0000000e-30
  46  98   1.0000000e-30
  46  99   1.0000000e-30
  46 100   1.0000000e-30
  46 101   1.0000000e-30
  46 102   1.0000000e-30
  46 103   1.0000000e-30
  46 104   1.0000000e-30
  46 105   1.0000000e-30
  46 106   1.0000000e-30
  46 107   1.0000000e-30
  46 108   1.0000000e-30
  47  36   1.0000000e-30
  47  37   1.0000000e-30
  47  38   1.0000000e-30
  47  39   1.0000000e-30
  47  40   1.0000000e-30
  47  41   1.0000000e-30
  47  42   1.0000000e-30
  47  43   1.0000000e-30
  47  44   1.0000000e-30
  47  45   1.0000000e-30
  47  46   1.0000000e-30
  47  47   1.0000000e-30
  47  48   1.0000000e-30
  47  49   1.0000000e-30
  47  50   1.0000000e-30
  47  51   1.0000000e-30
  47  52   1.0000000e-30
  47  53   1.0000000e-30
  47  54   1.0000000e-30
  47  55   1.0000000e-30
  47  56   1.0000000e-30
  47  57   1.0000000e-30
  47  58   1.0000000e-30
  47  59   1.0000000e-30
  47  60   1.0000000e-30
  47  61   1.0000000e-30
  47  62   1.0000000e-30
  47  63   1.0000000e-30
  47  64   4.4010200e-14
  47  65   6.2951000e-12
  47  66   1.3131340e-09
  47  67   4.5308760e-08
  47  68   5.1625082e-07
  47  69   4.8449400e-06
  47  70   3.3988441e-05
  47  71   8.8038540e-05
  47  72   1.8516677e-04
  47  73   2.2430520e-04
  47  74   1.8127980e-04
  47  75   9.8231200e-05
  47  76   5.1316440e-05
  47  77   9.9237220e-06
  47  78   2.0041500e-06
  47  79   2.4729800e-10
  47  80   2.0916900e-11
  47  81   1.6449800e-12
  47  82   1.1868500e-13
  47  83   1.0000000e-30
  47  84   2.4498400e-17
  47  85   7.5779400e-11
  47  86   3.0220800e-13
  47  87   1.0000000e-30
  47  88   1.0000000e-30
  47  89   1.0000000e-30
  47  90   1.0000000e-30
  47  91   1.0000000e-30
  47  92   1.0000000e-30
  47  93   1.0000000e-30
  47  94   1.0000000e-30
  47  95   1.0000000e-30
  47  96   1.0000000e-30
  47  97   1.0000000e-30
  47  98   1.0000000e-30
  47  99   1.0000000e-30
  47 100   1.0000000e-30
  47 101   1.0000000e-30
  47 102   1.0000000e-30
  47 103   1.0000000e-30
  47 104   1.0000000e-30
  47 105   1.0000000e-30
  47 106   1.0000000e-30
  47 107   1.0000000e-30
  47 108   1.0000000e-30
  48  36   1.0000000e-30
  48  37   1.0000000e-30
  48  38   1.0000000e-30
  48  39   1.0000000e-30
  48  40   1.0000000e-30
  48  41   1.0000000e-30
  48  42   1.0000000e-30
  48  43   1.0000000e-30
  48  44   1.0000000e-30
  48  45   1.0000000e-30
  48  46   1.0000000e-30
  48  47   1.0000000e-30
  48  48   1.0000000e-30
  48  49   1.0000000e-30
  48  50   1.0000000e-30
  48  51   1.0000000e-30
  48  52   1.0000000e-30
  48  53   1.0000000e-30
  48  54   1.0000000e-30
  48  55   1.0000000e-30
  48  56   1.0000000e-30
  48  57   1.0000000e-30
  48  58   1.0000000e-30
  48  59   1.0000000e-30
  48  60   1.0000000e-30
  48  61   1.0000000e-30
  48  62   1.0000000e-30
  48  63   1.0000000e-30
  48  64   1.0000000e-30
  48  65   5.1360900e-14
  48  66   1.0385000e-11
  48  67   2.9498800e-10
  48  68   1.3269120e-08
  48  69   3.2091126e-07
  48  70   2.8993220e-06
  48  71   1.4450358e-05
  48  72   7.5741470e-05
  48  73   1.6095594e-04
  48  74   2.6877850e-04
  48  75   2.7113964e-04
  48  76   2.0918800e-04
  48  77   9.3550776e-05
  48  78   1.1138900e-05
  48  79   4.1156610e-06
  48  80   1.4277570e-06
  48  81   4.7630540e-07
  48  82   6.9730360e-08
  48  83   3.5249640e-09
  48  84   9.8392000e-07
  48  85   1.1956030e-08
  48  86   8.3734100e-10
  48  87   5.8153000e-12
  48  88   3.9386600e-14
  48  89   1.0000000e-30
  48  90   1.0000000e-30
  48  91   1.0000000e-30
  48  92   1.0000000e-30
  48  93   1.0000000e-30
  48  94   1.0000000e-30
  48  95   1.0000000e-30
  48  96   1.0000000e-30
  48  97   1.0000000e-30
  48  98   1.0000000e-30
  48  99   1.0000000e-30
  48 100   1.0000000e-30
  48 101   1.0000000e-30
  48 102   1.0000000e-30
  48 103   1.0000000e-30
  48 104   1.0000000e-30
  48 105   1.0000000e-30
  48 106   1.0000000e-30
  48 107   1.0000000e-30
  48 108   1.0000000e-30
  49  36   1.0000000e-30
  49  37   1.0000000e-30
  49  38   1.0000000e-30
  49  39   1.0000000e-30
  49  40   1.0000000e-30
  49  41   1.0000000e-30
  49  42   1.0000000e-30
  49  43   1.0000000e-30
  49  44   1.0000000e-30
  49  45   1.0000000e-30
  49  46   1.0000000e-30
  49  47   1.0000000e-30
  49  48   1.0000000e-30
  49  49   1.0000000e-30
  49  50   1.0000000e-30
  49  51   1.0000000e-30
  49  52   1.0000000e-30
  49  53   1.0000000e-30
  49  54   1.0000000e-30
  49  55   1.0000000e-30
  49  56   1.0000000e-30
  49  57   1.0000000e-30
  49  58   1.0000000e-30
  49  59   1.0000000e-30
  49  60   1.0000000e-30
  49  61   1.0000000e-30
  49  62   1.0000000e-30
  49  63   1.0000000e-30
  49  64   1.0000000e-30
  49  65   1.0000000e-30
  49  66   7.5273600e-15
  49  67   1.0794960e-12
  49  68   1.4967240e-10
  49  69   3.2316020e-09
  49  70   6.5842088e-08
  49  71   1.1128178e-06
  49  72   1.1001799e-05
  49  73   3.9387393e-05
  49  74   1.1849089e-04
  49  75   2.1729880e-04
  49  76   3.0123490e-04
  49  77   3.6739670e-04
  49  78   6.8678510e-04
  49  79   6.3508480e-04
  49  80   1.3359387e-03
  49  81   7.1868030e-04
  49  82   3.0324770e-04
  49  83   4.6021280e-04
  49  84   2.6819720e-05
  49  85   4.7270550e-06
  49  86   1.5885530e-07
  49  87   3.3051820e-09
  49  88   2.2865000e-11
  49  89   4.6465200e-13
  49  90   1.0000000e-30
  49  91   1.0000000e-30
  49  92   1.0000000e-30
  49  93   1.0000000e-30
  49  94   1.0000000e-30
  49  95   1.0000000e-30
  49  96   1.0000000e-30
  49  97   1.0000000e-30
  49  98   1.0000000e-30
  49  99   1.0000000e-30
  49 100   1.0000000e-30
  49 101   1.0000000e-30
  49 102   1.0000000e-30
  49 103   1.0000000e-30
  49 104   1.0000000e-30
  49 105   1.0000000e-30
  49 106   1.0000000e-30
  49 107   1.0000000e-30
  49 108   1.0000000e-30
  50  36   1.0000000e-30
  50  37   1.0000000e-30
  50  38   1.0000000e-30
  50  39   1.0000000e-30
  50  40   1.0000000e-30
  50  41   1.0000000e-30
  50  42   1.0000000e-30
  50  43   1.0000000e-30
  50  44   1.0000000e-30
  50  45   1.0000000e-30
  50  46   1.0000000e-30
  50  47   1.0000000e-30
  50  48   1.0000000e-30
  50  49   1.0000000e-30
  50  50   1.0000000e-30
  50  51   1.0000000e-30
  50  52   1.0000000e-30
  50  53   1.0000000e-30
  50  54   1.0000000e-30
  50  55   1.0000000e-30
  50  56   1.0000000e-30
  50  57   1.0000000e-30
  50  58   1.0000000e-30
  50  59   1.0000000e-30
  50  60   1.0000000e-30
  50  61   1.0000000e-30
  50  62   1.0000000e-30
  50  63   1.0000000e-30
  50  64   1.0000000e-30
  50  65   1.0000000e-30
  50  66   1.0000000e-30
  50  67   1.0000000e-30
  50  68   2.4818500e-13
  50  69   1.3977760e-11
  50  70   1.2817230e-09
  50  71   4.3085679e-08
  50  72   5.7416300e-07
  50  73   3.7251939e-06
  50  74   2.7921190e-05
  50  75   8.6872290e-05
  50  76   1.6206680e-04
  50  77   6.6875370e-04
  50  78   1.9415310e-03
  50  79   8.3699900e-03
  50  80   9.4939260e-03
  50  81   1.3147646e-02
  50  82   1.1996610e-02
  50  83   3.7140690e-03
  50  84   2.0428990e-03
  50  85   2.0847370e-04
  50  86   1.9351580e-05
  50  87   3.8749310e-07
  50  88   2.9826860e-08
  50  89   3.6351500e-10
  50  90   1.4913400e-11
  50  91   1.0000000e-30
  50  92   1.0000000e-30
  50  93   1.0000000e-30
  50  94   1.0000000e-30
  50  95   1.0000000e-30
  50  96   1.0000000e-30
  50  97   1.0000000e-30
  50  98   1.0000000e-30
  50  99   1.0000000e-30
  50 100   1.0000000e-30
  50 101   1.0000000e-30
  50 102   1.0000000e-30
  50 103   1.0000000e-30
  50 104   1.0000000e-30
  50 105   1.0000000e-30
  50 106   1.0000000e-30
  50 107   1.0000000e-30
  50 108   1.0000000e-30
  51  36   1.0000000e-30
  51  37   1.0000000e-30
  51  38   1.0000000e-30
  51  39   1.0000000e-30
  51  40   1.0000000e-30
  51  41   1.0000000e-30
  51  42   1.0000000e-30
  51  43   1.0000000e-30
  51  44   1.0000000e-30
  51  45   1.0000000e-30
  51  46   1.0000000e-30
  51  47   1.0000000e-30
  51  48   1.0000000e-30
  51  49   1.0000000e-30
  51  50   1.0000000e-30
  51  51   1.0000000e-30
  51  52   1.0000000e-30
  51  53   1.0000000e-30
  51  54   1.0000000e-30
  51  55   1.0000000e-30
  51  56   1.0000000e-30
  51  57   1.0000000e-30
  51  58   1.0000000e-30
  51  59   1.0000000e-30
  51  60   1.0000000e-30
  51  61   1.0000000e-30
  51  62   1.0000000e-30
  51  63   1.0000000e-30
  51  64   1.0000000e-30
  51  65   1.0000000e-30
  51  66   1.0000000e-30
  51  67   1.0000000e-30
  51  68   1.0000000e-30
  51  69   3.2312500e-14
  51  70   6.0062600e-12
  51  71   2.0433250e-10
  51  72   4.7612120e-09
  51  73   1.0733969e-07
  51  74   1.4301430e-06
  51  75   1.2646886e-07
  51  76   2.8800960e-06
  51  77   2.8196500e-04
  51  78   4.0392487e-04
  51  79   8.9172890e-03
  51  80   1.9431440e-02
  51  81   3.3045226e-02
  51  82   2.9894490e-02
  51  83   9.6439140e-03
  51  84   1.1824650e-02
  51  85   3.0426080e-03
  51  86   2.2848900e-04
  51  87   4.7154330e-05
  51  88   2.6801480e-06
  51  89   2.3747860e-07
  51  90   1.1270050e-08
  51  91   8.9079000e-11
  51  92   6.8380700e-14
  51  93   1.0000000e-30
  51  94   1.0000000e-30
  51  95   1.0000000e-30
  51  96   1.0000000e-30
  51  97   1.0000000e-30
  51  98   1.0000000e-30
  51  99   1.0000000e-30
  51 100   1.0000000e-30
  51 101   1.0000000e-30
  51 102   1.0000000e-30
  51 103   1.0000000e-30
  51 104   1.0000000e-30
  51 105   1.0000000e-30
  51 106   1.0000000e-30
  51 107   1.0000000e-30
  51 108   1.0000000e-30
  52  36   1.0000000e-30
  52  37   1.0000000e-30
  52  38   1.0000000e-30
  52  39   1.0000000e-30
  52  40   1.0000000e-30
  52  41   1.0000000e-30
  52  42   1.0000000e-30
  52  43   1.0000000e-30
  52  44   1.0000000e-30
  52  45   1.0000000e-30
  52  46   1.0000000e-30
  52  47   1.0000000e-30
  52  48   1.0000000e-30
  52  49   1.0000000e-30
  52  50   1.0000000e-30
  52  51   1.0000000e-30
  52  52   1.0000000e-30
  52  53   1.0000000e-30
  52  54   1.0000000e-30
  52  55   1.0000000e-30
  52  56   1.0000000e-30
  52  57   1.0000000e-30
  52  58   1.0000000e-30
  52  59   1.0000000e-30
  52  60   1.0000000e-30
  52  61   1.0000000e-30
  52  62   1.0000000e-30
  52  63   1.0000000e-30
  52  64   1.0000000e-30
  52  65   1.0000000e-30
  52  66   1.0000000e-30
  52  67   1.0000000e-30
  52  68   1.0000000e-30
  52  69   1.0000000e-30
  52  70   1.0000000e-30
  52  71   2.7164340e-13
  52  72   2.9871800e-11
  52  73   1.3204430e-09
  52  74   1.2018600e-13
  52  75   1.1859430e-11
  52  76   3.1142800e-10
  52  77   3.2304320e-08
  52  78   8.7345780e-07
  52  79   1.5824238e-05
  52  80   5.7602410e-03
  52  81   3.1519180e-02
  52  82   5.4829380e-02
  52  83   3.4664280e-02
  52  84   3.0463920e-02
  52  85   6.1940220e-03
  52  86   5.9601710e-03
  52  87   9.9019210e-04
  52  88   2.7892570e-04
  52  89   2.9218730e-05
  52  90   1.1417510e-06
  52  91   4.2939320e-09
  52  92   2.8739200e-10
  52  93   1.1719500e-12
  52  94   1.0000000e-30
  52  95   1.0000000e-30
  52  96   1.0000000e-30
  52  97   1.0000000e-30
  52  98   1.0000000e-30
  52  99   1.0000000e-30
  52 100   1.0000000e-30
  52 101   1.0000000e-30
  52 102   1.0000000e-30
  52 103   1.0000000e-30
  52 104   1.0000000e-30
  52 105   1.0000000e-30
  52 106   1.0000000e-30
  52 107   1.0000000e-30
  52 108   1.0000000e-30
  53  36   1.0000000e-30
  53  37   1.0000000e-30
  53  38   1.0000000e-30
  53  39   1.0000000e-30
  53  40   1.0000000e-30
  53  41   1.0000000e-30
  53  42   1.0000000e-30
  53  43   1.0000000e-30
  53  44   1.0000000e-30
  53  45   1.0000000e-30
  53  46   1.0000000e-30
  53  47   1.0000000e-30
  53  48   1.0000000e-30
  53  49   1.0000000e-30
  53  50   1.0000000e-30
  53  51   1.0000000e-30
  53  52   1.0000000e-30
  53  53   1.0000000e-30
  53  54   1.0000000e-30
  53  55   1.0000000e-30
  53  56   1.0000000e-30
  53  57   1.0000000e-30
  53  58   1.0000000e-30
  53  59   1.0000000e-30
  53  60   1.0000000e-30
  53  61   1.0000000e-30
  53  62   1.0000000e-30
  53  63   1.0000000e-30
  53  64   1.0000000e-30
  53  65   1.0000000e-30
  53  66   1.0000000e-30
  53  67   1.0000000e-30
  53  68   1.0000000e-30
  53  69   1.0000000e-30
  53  70   1.0000000e-30
  53  71   1.0000000e-30
  53  72   5.9867800e-14
  53  73   1.0000000e-30
  53  74   1.0000000e-30
  53  75   1.0000000e-30
  53  76   1.0000000e-30
  53  77   1.8371210e-13
  53  78   2.2616800e-11
  53  79   1.9630822e-04
  53  80   2.4384211e-03
  53  81   9.5319210e-03
  53  82   1.9719200e-02
  53  83   3.5580908e-02
  53  84   4.8715430e-02
  53  85   1.7319020e-02
  53  86   2.1190700e-02
  53  87   1.0689960e-02
  53  88   4.0054300e-03
  53  89   4.8829410e-04
  53  90   1.2754270e-05
  53  91   2.3753740e-06
  53  92   3.9994850e-08
  53  93   1.5250750e-09
  53  94   1.9699800e-11
  53  95   6.6690100e-14
  53  96   1.0000000e-30
  53  97   1.0000000e-30
  53  98   1.0000000e-30
  53  99   1.0000000e-30
  53 100   1.0000000e-30
  53 101   1.0000000e-30
  53 102   1.0000000e-30
  53 103   1.0000000e-30
  53 104   1.0000000e-30
  53 105   1.0000000e-30
  53 106   1.0000000e-30
  53 107   1.0000000e-30
  53 108   1.0000000e-30
  54  36   1.0000000e-30
  54  37   1.0000000e-30
  54  38   1.0000000e-30
  54  39   1.0000000e-30
  54  40   1.0000000e-30
  54  41   1.0000000e-30
  54  42   1.0000000e-30
  54  43   1.0000000e-30
  54  44   1.0000000e-30
  54  45   1.0000000e-30
  54  46   1.0000000e-30
  54  47   1.0000000e-30
  54  48   1.0000000e-30
  54  49   1.0000000e-30
  54  50   1.0000000e-30
  54  51   1.0000000e-30
  54  52   1.0000000e-30
  54  53   1.0000000e-30
  54  54   1.0000000e-30
  54  55   1.0000000e-30
  54  56   1.0000000e-30
  54  57   1.0000000e-30
  54  58   1.0000000e-30
  54  59   1.0000000e-30
  54  60   1.0000000e-30
  54  61   1.0000000e-30
  54  62   1.0000000e-30
  54  63   1.0000000e-30
  54  64   1.0000000e-30
  54  65   1.0000000e-30
  54  66   1.0000000e-30
  54  67   1.0000000e-30
  54  68   1.0000000e-30
  54  69   1.0000000e-30
  54  70   1.0000000e-30
  54  71   1.0000000e-30
  54  72   1.0000000e-30
  54  73   1.0000000e-30
  54  74   1.0000000e-30
  54  75   1.0000000e-30
  54  76   1.0000000e-30
  54  77   1.8233260e-20
  54  78   4.9684412e-08
  54  79   1.3954623e-05
  54  80   1.8584139e-05
  54  81   3.2379690e-03
  54  82   6.6816600e-04
  54  83   5.2884260e-03
  54  84   3.3672690e-02
  54  85   3.0868490e-02
  54  86   3.3172430e-02
  54  87   1.4220160e-02
  54  88   7.6607180e-03
  54  89   1.9472910e-03
  54  90   1.1620390e-03
  54  91   5.8536260e-05
  54  92   8.6317410e-06
  54  93   3.1828410e-07
  54  94   6.7679820e-09
  54  95   1.1614200e-10
  54  96   1.1298200e-12
  54  97   1.0000000e-30
  54  98   1.0000000e-30
  54  99   1.0000000e-30
  54 100   1.0000000e-30
  54 101   1.0000000e-30
  54 102   1.0000000e-30
  54 103   1.0000000e-30
  54 104   1.0000000e-30
  54 105   1.0000000e-30
  54 106   1.0000000e-30
  54 107   1.0000000e-30
  54 108   1.0000000e-30
  55  36   1.0000000e-30
  55  37   1.0000000e-30
  55  38   1.0000000e-30
  55  39   1.0000000e-30
  55  40   1.0000000e-30
  55  41   1.0000000e-30
  55  42   1.0000000e-30
  55  43   1.0000000e-30
  55  44   1.0000000e-30
  55  45   1.0000000e-30
  55  46   1.0000000e-30
  55  47   1.0000000e-30
  55  48   1.0000000e-30
  55  49   1.0000000e-30
  55  50   1.0000000e-30
  55  51   1.0000000e-30
  55  52   1.0000000e-30
  55  53   1.0000000e-30
  55  54   1.0000000e-30
  55  55   1.0000000e-30
  55  56   1.0000000e-30
  55  57   1.0000000e-30
  55  58   1.0000000e-30
  55  59   1.0000000e-30
  55  60   1.0000000e-30
  55  61   1.0000000e-30
  55  62   1.0000000e-30
  55  63   1.0000000e-30
  55  64   1.0000000e-30
  55  65   1.0000000e-30
  55  66   1.0000000e-30
  55  67   1.0000000e-30
  55  68   1.0000000e-30
  55  69   1.0000000e-30
  55  70   1.0000000e-30
  55  71   1.0000000e-30
  55  72   1.0000000e-30
  55  73   1.0000000e-30
  55  74   1.0000000e-30
  55  75   1.0000000e-30
  55  76   1.0000000e-30
  55  77   1.5450800e-12
  55  78   4.8809310e-09
  55  79   4.1407850e-09
  55  80   2.8317097e-07
  55  81   2.6262659e-06
  55  82   8.0246260e-05
  55  83   6.0625530e-04
  55  84   3.5947620e-03
  55  85   1.1315720e-02
  55  86   2.9647370e-02
  55  87   2.6309970e-02
  55  88   2.0448280e-02
  55  89   1.3645000e-02
  55  90   4.0942690e-03
  55  91   1.0821560e-03
  55  92   2.1315990e-04
  55  93   1.3365140e-05
  55  94   9.8383210e-07
  55  95   2.4295880e-08
  55  96   1.5352580e-09
  55  97   4.6170100e-12
  55  98   1.0000000e-30
  55  99   1.0000000e-30
  55 100   1.0000000e-30
  55 101   1.0000000e-30
  55 102   1.0000000e-30
  55 103   1.0000000e-30
  55 104   1.0000000e-30
  55 105   1.0000000e-30
  55 106   1.0000000e-30
  55 107   1.0000000e-30
  55 108   1.0000000e-30
  56  36   1.0000000e-30
  56  37   1.0000000e-30
  56  38   1.0000000e-30
  56  39   1.0000000e-30
  56  40   1.0000000e-30
  56  41   1.0000000e-30
  56  42   1.0000000e-30
  56  43   1.0000000e-30
  56  44   1.0000000e-30
  56  45   1.0000000e-30
  56  46   1.0000000e-30
  56  47   1.0000000e-30
  56  48   1.0000000e-30
  56  49   1.0000000e-30
  56  50   1.0000000e-30
  56  51   1.0000000e-30
  56  52   1.0000000e-30
  56  53   1.0000000e-30
  56  54   1.0000000e-30
  56  55   1.0000000e-30
  56  56   1.0000000e-30
  56  57   1.0000000e-30
  56  58   1.0000000e-30
  56  59   1.0000000e-30
  56  60   1.0000000e-30
  56  61   1.0000000e-30
  56  62   1.0000000e-30
  56  63   1.0000000e-30
  56  64   1.0000000e-30
  56  65   1.0000000e-30
  56  66   1.0000000e-30
  56  67   1.0000000e-30
  56  68   1.0000000e-30
  56  69   1.0000000e-30
  56  70   1.0000000e-30
  56  71   1.0000000e-30
  56  72   1.0000000e-30
  56  73   1.0000000e-30
  56  74   1.0000000e-30
  56  75   1.0000000e-30
  56  76   1.0000000e-30
  56  77   1.0000000e-30
  56  78   6.5666200e-14
  56  79   1.4266200e-11
  56  80   2.0409100e-09
  56  81   5.1141340e-08
  56  82   2.0586450e-06
  56  83   3.7702620e-05
  56  84   2.6195690e-03
  56  85   5.4436550e-03
  56  86   9.6940920e-03
  56  87   1.1473060e-02
  56  88   2.4887250e-02
  56  89   2.4853160e-02
  56  90   1.5072900e-02
  56  91   1.0644100e-02
  56  92   2.5406060e-03
  56  93   3.6929650e-04
  56  94   4.6878490e-05
  56  95   4.5475270e-06
  56  96   9.0196390e-08
  56  97   2.0845830e-09
  56  98   1.1699900e-10
  56  99   1.0000000e-30
  56 100   1.0000000e-30
  56 101   1.0000000e-30
  56 102   1.0000000e-30
  56 103   1.0000000e-30
  56 104   1.0000000e-30
  56 105   1.0000000e-30
  56 106   1.0000000e-30
  56 107   1.0000000e-30
  56 108   1.0000000e-30
  57  36   1.0000000e-30
  57  37   1.0000000e-30
  57  38   1.0000000e-30
  57  39   1.0000000e-30
  57  40   1.0000000e-30
  57  41   1.0000000e-30
  57  42   1.0000000e-30
  57  43   1.0000000e-30
  57  44   1.0000000e-30
  57  45   1.0000000e-30
  57  46   1.0000000e-30
  57  47   1.0000000e-30
  57  48   1.0000000e-30
  57  49   1.0000000e-30
  57  50   1.0000000e-30
  57  51   1.0000000e-30
  57  52   1.0000000e-30
  57  53   1.0000000e-30
  57  54   1.0000000e-30
  57  55   1.0000000e-30
  57  56   1.0000000e-30
  57  57   1.0000000e-30
  57  58   1.0000000e-30
  57  59   1.0000000e-30
  57  60   1.0000000e-30
  57  61   1.0000000e-30
  57  62   1.0000000e-30
  57  63   1.0000000e-30
  57  64   1.0000000e-30
  57  65   1.0000000e-30
  57  66   1.0000000e-30
  57  67   1.0000000e-30
  57  68   1.0000000e-30
  57  69   1.0000000e-30
  57  70   1.0000000e-30
  57  71   1.0000000e-30
  57  72   1.0000000e-30
  57  73   1.0000000e-30
  57  74   1.0000000e-30
  57  75   1.0000000e-30
  57  76   1.0000000e-30
  57  77   1.0000000e-30
  57  78   1.0000000e-30
  57  79   1.0000000e-30
  57  80   1.5627000e-12
  57  81   1.5372400e-10
  57  82   1.6790900e-08
  57  83   5.8533540e-05
  57  84   3.3878490e-06
  57  85   1.6898650e-03
  57  86   1.2323190e-02
  57  87   5.5547790e-03
  57  88   8.9729610e-03
  57  89   1.4927818e-02
  57  90   1.3224480e-02
  57  91   7.9379680e-03
  57  92   6.6573470e-03
  57  93   1.9319080e-03
  57  94   6.8280720e-04
  57  95   3.8649660e-05
  57  96   3.9690980e-06
  57  97   3.4305820e-07
  57  98   7.5202180e-09
  57  99   7.1009000e-11
  57 100   3.2127000e-12
  57 101   1.0000000e-30
  57 102   1.0000000e-30
  57 103   1.0000000e-30
  57 104   1.0000000e-30
  57 105   1.0000000e-30
  57 106   1.0000000e-30
  57 107   1.0000000e-30
  57 108   1.0000000e-30
  58  36   1.0000000e-30
  58  37   1.0000000e-30
  58  38   1.0000000e-30
  58  39   1.0000000e-30
  58  40   1.0000000e-30
  58  41   1.0000000e-30
  58  42   1.0000000e-30
  58  43   1.0000000e-30
  58  44   1.0000000e-30
  58  45   1.0000000e-30
  58  46   1.0000000e-30
  58  47   1.0000000e-30
  58  48   1.0000000e-30
  58  49   1.0000000e-30
  58  50   1.0000000e-30
  58  51   1.0000000e-30
  58  52   1.0000000e-30
  58  53   1.0000000e-30
  58  54   1.0000000e-30
  58  55   1.0000000e-30
  58  56   1.0000000e-30
  58  57   1.0000000e-30
  58  58   1.0000000e-30
  58  59   1.0000000e-30
  58  60   1.0000000e-30
  58  61   1.0000000e-30
  58  62   1.0000000e-30
  58  63   1.0000000e-30
  58  64   1.0000000e-30
  58  65   1.0000000e-30
  58  66   1.0000000e-30
  58  67   1.0000000e-30
  58  68   1.0000000e-30
  58  69   1.0000000e-30
  58  70   1.0000000e-30
  58  71   1.0000000e-30
  58  72   1.0000000e-30
  58  73   1.0000000e-30
  58  74   1.0000000e-30
  58  75   1.0000000e-30
  58  76   1.0000000e-30
  58  77   1.0000000e-30
  58  78   1.0000000e-30
  58  79   1.0000000e-30
  58  80   1.0000000e-30
  58  81   2.7368930e-13
  58  82   2.0518000e-11
  58  83   5.1025500e-10
  58  84   3.9993240e-08
  58  85   2.2563870e-06
  58  86   2.1442160e-04
  58  87   9.9430080e-05
  58  88   3.2868960e-03
  58  89   1.8208620e-03
  58  90   9.6034810e-03
  58  91   8.4130970e-03
  58  92   9.1311930e-03
  58  93   5.2719708e-03
  58  94   1.8751130e-03
  58  95   3.8219910e-04
  58  96   1.1239320e-04
  58  97   6.7019890e-06
  58  98   3.4401450e-07
  58  99   2.3390250e-08
  58 100   4.8685700e-10
  58 101   3.2756900e-12
  58 102   9.7994800e-14
  58 103   1.0000000e-30
  58 104   1.0000000e-30
  58 105   1.0000000e-30
  58 106   1.0000000e-30
  58 107   1.0000000e-30
  58 108   1.0000000e-30
  59  36   1.0000000e-30
  59  37   1.0000000e-30
  59  38   1.0000000e-30
  59  39   1.0000000e-30
  59  40   1.0000000e-30
  59  41   1.0000000e-30
  59  42   1.0000000e-30
  59  43   1.0000000e-30
  59  44   1.0000000e-30
  59  45   1.0000000e-30
  59  46   1.0000000e-30
  59  47   1.0000000e-30
  59  48   1.0000000e-30
  59  49   1.0000000e-30
  59  50   1.0000000e-30
  59  51   1.0000000e-30
  59  52   1.0000000e-30
  59  53   1.0000000e-30
  59  54   1.0000000e-30
  59  55   1.0000000e-30
  59  56   1.0000000e-30
  59  57   1.0000000e-30
  59  58   1.0000000e-30
  59  59   1.0000000e-30
  59  60   1.0000000e-30
  59  61   1.0000000e-30
  59  62   1.0000000e-30
  59  63   1.0000000e-30
  59  64   1.0000000e-30
  59  65   1.0000000e-30
  59  66   1.0000000e-30
  59  67   1.0000000e-30
  59  68   1.0000000e-30
  59  69   1.0000000e-30
  59  70   1.0000000e-30
  59  71   1.0000000e-30
  59  72   1.0000000e-30
  59  73   1.0000000e-30
  59  74   1.0000000e-30
  59  75   1.0000000e-30
  59  76   1.0000000e-30
  59  77   1.0000000e-30
  59  78   1.0000000e-30
  59  79   1.0000000e-30
  59  80   1.0000000e-30
  59  81   1.0000000e-30
  59  82   1.0000000e-30
  59  83   9.2376800e-13
  59  84   3.7541000e-10
  59  85   1.1409340e-09
  59  86   1.0152110e-07
  59  87   6.7634780e-05
  59  88   1.6564590e-05
  59  89   1.0226831e-03
  59  90   8.0276110e-04
  59  91   1.5821610e-03
  59  92   3.3101130e-03
  59  93   2.6664750e-03
  59  94   2.0197230e-03
  59  95   8.6838650e-04
  59  96   3.1157810e-04
  59  97   3.7856380e-05
  59  98   8.4455800e-06
  59  99   4.0905010e-07
  59 100   1.5057180e-08
  59 101   6.8108100e-10
  59 102   1.2710300e-11
  59 103   7.3267900e-14
  59 104   1.0000000e-30
  59 105   1.0000000e-30
  59 106   1.0000000e-30
  59 107   1.0000000e-30
  59 108   1.0000000e-30
  60  36   1.0000000e-30
  60  37   1.0000000e-30
  60  38   1.0000000e-30
  60  39   1.0000000e-30
  60  40   1.0000000e-30
  60  41   1.0000000e-30
  60  42   1.0000000e-30
  60  43   1.0000000e-30
  60  44   1.0000000e-30
  60  45   1.0000000e-30
  60  46   1.0000000e-30
  60  47   1.0000000e-30
  60  48   1.0000000e-30
  60  49   1.0000000e-30
  60  50   1.0000000e-30
  60  51   1.0000000e-30
  60  52   1.0000000e-30
  60  53   1.0000000e-30
  60  54   1.0000000e-30
  60  55   1.0000000e-30
  60  56   1.0000000e-30
  60  57   1.0000000e-30
  60  58   1.0000000e-30
  60  59   1.0000000e-30
  60  60   1.0000000e-30
  60  61   1.0000000e-30
  60  62   1.0000000e-30
  60  63   1.0000000e-30
  60  64   1.0000000e-30
  60  65   1.0000000e-30
  60  66   1.0000000e-30
  60  67   1.0000000e-30
  60  68   1.0000000e-30
  60  69   1.0000000e-30
  60  70   1.0000000e-30
  60  71   1.0000000e-30
  60  72   1.0000000e-30
  60  73   1.0000000e-30
  60  74   1.0000000e-30
  60  75   1.0000000e-30
  60  76   1.0000000e-30
  60  77   1.0000000e-30
  60  78   1.0000000e-30
  60  79   1.0000000e-30
  60  80   1.0000000e-30
  60  81   1.0000000e-30
  60  82   1.0000000e-30
  60  83   1.0000000e-30
  60  84   8.5699700e-15
  60  85   4.4592500e-12
  60  86   3.6840200e-10
  60  87   7.3184080e-09
  60  88   4.5675150e-07
  60  89   4.4501280e-06
  60  90   3.8585330e-05
  60  91   1.6016650e-04
  60  92   7.1451540e-04
  60  93   8.8037450e-04
  60  94   1.1282050e-03
  60  95   8.7697620e-04
  60  96   4.7647270e-04
  60  97   1.6138450e-04
  60  98   3.8369460e-05
  60  99   3.4314690e-06
  60 100   4.8963120e-07
  60 101   1.9232400e-08
  60 102   4.4967600e-10
  60 103   1.6452700e-11
  60 104   3.8536500e-13
  60 105   1.0000000e-30
  60 106   1.0000000e-30
  60 107   1.0000000e-30
  60 108   1.0000000e-30
  61  36   1.0000000e-30
  61  37   1.0000000e-30
  61  38   1.0000000e-30
  61  39   1.0000000e-30
  61  40   1.0000000e-30
  61  41   1.0000000e-30
  61  42   1.0000000e-30
  61  43   1.0000000e-30
  61  44   1.0000000e-30
  61  45   1.0000000e-30
  61  46   1.0000000e-30
  61  47   1.0000000e-30
  61  48   1.0000000e-30
  61  49   1.0000000e-30
  61  50   1.0000000e-30
  61  51   1.0000000e-30
  61  52   1.0000000e-30
  61  53   1.0000000e-30
  61  54   1.0000000e-30
  61  55   1.0000000e-30
  61  56   1.0000000e-30
  61  57   1.0000000e-30
  61  58   1.0000000e-30
  61  59   1.0000000e-30
  61  60   1.0000000e-30
  61  61   1.0000000e-30
  61  62   1.0000000e-30
  61  63   1.0000000e-30
  61  64   1.0000000e-30
  61  65   1.0000000e-30
  61  66   1.0000000e-30
  61  67   1.0000000e-30
  61  68   1.0000000e-30
  61  69   1.0000000e-30
  61  70   1.0000000e-30
  61  71   1.0000000e-30
  61  72   1.0000000e-30
  61  73   1.0000000e-30
  61  74   1.0000000e-30
  61  75   1.0000000e-30
  61  76   1.0000000e-30
  61  77   1.0000000e-30
  61  78   1.0000000e-30
  61  79   1.0000000e-30
  61  80   1.0000000e-30
  61  81   1.0000000e-30
  61  82   1.0000000e-30
  61  83   1.0000000e-30
  61  84   1.0000000e-30
  61  85   1.0000000e-30
  61  86   1.3884600e-13
  61  87   2.4947430e-11
  61  88   1.1214520e-09
  61  89   2.2376820e-08
  61  90   4.7231860e-07
  61  91   5.8453970e-06
  61  92   2.9606100e-05
  61  93   5.2504680e-05
  61  94   2.1587840e-04
  61  95   2.2741810e-04
  61  96   2.1906920e-04
  61  97   9.9086930e-05
  61  98   4.1317370e-05
  61  99   9.0177650e-06
  61 100   1.5128420e-06
  61 101   9.4775560e-08
  61 102   1.1982390e-08
  61 103   7.5339600e-10
  61 104   2.7616500e-11
  61 105   1.3626300e-12
  61 106   1.0000000e-30
  61 107   1.0000000e-30
  61 108   1.0000000e-30
  62  36   1.0000000e-30
  62  37   1.0000000e-30
  62  38   1.0000000e-30
  62  39   1.0000000e-30
  62  40   1.0000000e-30
  62  41   1.0000000e-30
  62  42   1.0000000e-30
  62  43   1.0000000e-30
  62  44   1.0000000e-30
  62  45   1.0000000e-30
  62  46   1.0000000e-30
  62  47   1.0000000e-30
  62  48   1.0000000e-30
  62  49   1.0000000e-30
  62  50   1.0000000e-30
  62  51   1.0000000e-30
  62  52   1.0000000e-30
  62  53   1.0000000e-30
  62  54   1.0000000e-30
  62  55   1.0000000e-30
  62  56   1.0000000e-30
  62  57   1.0000000e-30
  62  58   1.0000000e-30
  62  59   1.0000000e-30
  62  60   1.0000000e-30
  62  61   1.0000000e-30
  62  62   1.0000000e-30
  62  63   1.0000000e-30
  62  64   1.0000000e-30
  62  65   1.0000000e-30
  62  66   1.0000000e-30
  62  67   1.0000000e-30
  62  68   1.0000000e-30
  62  69   1.0000000e-30
  62  70   1.0000000e-30
  62  71   1.0000000e-30
  62  72   1.0000000e-30
  62  73   1.0000000e-30
  62  74   1.0000000e-30
  62  75   1.0000000e-30
  62  76   1.0000000e-30
  62  77   1.0000000e-30
  62  78   1.0000000e-30
  62  79   1.0000000e-30
  62  80   1.0000000e-30
  62  81   1.0000000e-30
  62  82   1.0000000e-30
  62  83   1.0000000e-30
  62  84   1.0000000e-30
  62  85   1.0000000e-30
  62  86   1.0000000e-30
  62  87   1.1761200e-14
  62  88   1.2084300e-12
  62  89   6.8361600e-11
  62  90   5.7170040e-09
  62  91   5.6340380e-08
  62  92   3.3406170e-07
  62  93   3.5835870e-06
  62  94   1.7973010e-05
  62  95   2.4533420e-05
  62  96   4.6232250e-05
  62  97   3.8553080e-05
  62  98   2.3474470e-05
  62  99   7.4631820e-06
  62 100   1.6355970e-06
  62 101   4.7375180e-07
  62 102   1.0803320e-07
  62 103   1.1275750e-08
  62 104   1.7653120e-09
  62 105   1.7672800e-10
  62 106   6.7726200e-12
  62 107   1.0000000e-30
  62 108   1.0000000e-30
  63  36   1.0000000e-30
  63  37   1.0000000e-30
  63  38   1.0000000e-30
  63  39   1.0000000e-30
  63  40   1.0000000e-30
  63  41   1.0000000e-30
  63  42   1.0000000e-30
  63  43   1.0000000e-30
  63  44   1.0000000e-30
  63  45   1.0000000e-30
  63  46   1.0000000e-30
  63  47   1.0000000e-30
  63  48   1.0000000e-30
  63  49   1.0000000e-30
  63  50   1.0000000e-30
  63  51   1.0000000e-30
  63  52   1.0000000e-30
  63  53   1.0000000e-30
  63  54   1.0000000e-30
  63  55   1.0000000e-30
  63  56   1.0000000e-30
  63  57   1.0000000e-30
  63  58   1.0000000e-30
  63  59   1.0000000e-30
  63  60   1.0000000e-30
  63  61   1.0000000e-30
  63  62   1.0000000e-30
  63  63   1.0000000e-30
  63  64   1.0000000e-30
  63  65   1.0000000e-30
  63  66   1.0000000e-30
  63  67   1.0000000e-30
  63  68   1.0000000e-30
  63  69   1.0000000e-30
  63  70   1.0000000e-30
  63  71   1.0000000e-30
  63  72   1.0000000e-30
  63  73   1.0000000e-30
  63  74   1.0000000e-30
  63  75   1.0000000e-30
  63  76   1.0000000e-30
  63  77   1.0000000e-30
  63  78   1.0000000e-30
  63  79   1.0000000e-30
  63  80   1.0000000e-30
  63  81   1.0000000e-30
  63  82   1.0000000e-30
  63  83   1.0000000e-30
  63  84   1.0000000e-30
  63  85   1.0000000e-30
  63  86   1.0000000e-30
  63  87   1.0000000e-30
  63  88   1.0000000e-30
  63  89   1.1984995e-13
  63  90   5.3436400e-12
  63  91   4.9649100e-11
  63  92   3.3220470e-09
  63  93   3.9553580e-08
  63  94   1.7075800e-07
  63  95   7.1552500e-07
  63  96   2.8346650e-06
  63  97   2.4133030e-06
  63  98   3.0599740e-06
  63  99   1.5071890e-06
  63 100   1.2647200e-06
  63 101   6.5286380e-07
  63 102   2.5938640e-07
  63 103   8.2922680e-08
  63 104   2.5853750e-08
  63 105   2.8011330e-09
  63 106   2.1569400e-10
  63 107   1.1523000e-11
  63 108   1.0000000e-30
  64  36   1.0000000e-30
  64  37   1.0000000e-30
  64  38   1.0000000e-30
  64  39   1.0000000e-30
  64  40   1.0000000e-30
  64  41   1.0000000e-30
  64  42   1.0000000e-30
  64  43   1.0000000e-30
  64  44   1.0000000e-30
  64  45   1.0000000e-30
  64  46   1.0000000e-30
  64  47   1.0000000e-30
  64  48   1.0000000e-30
  64  49   1.0000000e-30
  64  50   1.0000000e-30
  64  51   1.0000000e-30
  64  52   1.0000000e-30
  64  53   1.0000000e-30
  64  54   1.0000000e-30
  64  55   1.0000000e-30
  64  56   1.0000000e-30
  64  57   1.0000000e-30
  64  58   1.0000000e-30
  64  59   1.0000000e-30
  64  60   1.0000000e-30
  64  61   1.0000000e-30
  64  62   1.0000000e-30
  64  63   1.0000000e-30
  64  64   1.0000000e-30
  64  65   1.0000000e-30
  64  66   1.0000000e-30
  64  67   1.0000000e-30
  64  68   1.0000000e-30
  64  69   1.0000000e-30
  64  70   1.0000000e-30
  64  71   1.0000000e-30
  64  72   1.0000000e-30
  64  73   1.0000000e-30
  64  74   1.0000000e-30
  64  75   1.0000000e-30
  64  76   1.0000000e-30
  64  77   1.0000000e-30
  64  78   1.0000000e-30
  64  79   1.0000000e-30
  64  80   1.0000000e-30
  64  81   1.0000000e-30
  64  82   1.0000000e-30
  64  83   1.0000000e-30
  64  84   1.0000000e-30
  64  85   1.0000000e-30
  64  86   1.0000000e-30
  64  87   1.0000000e-30
  64  88   1.0000000e-30
  64  89   1.0000000e-30
  64  90   1.0000000e-30
  64  91   1.4717200e-13
  64  92   9.2059400e-12
  64  93   6.2298700e-11
  64  94   1.3037550e-09
  64  95   1.2725720e-08
  64  96   3.3604540e-08
  64  97   9.0993560e-08
  64  98   1.6026670e-07
  64  99   2.8465520e-07
  64 100   4.7071460e-07
  64 101   4.3450580e-07
  64 102   3.7990470e-07
  64 103   2.3073880e-07
  64 104   9.3209100e-08
  64 105   1.8495990e-08
  64 106   3.3870760e-09
  64 107   3.0855700e-10
  64 108   8.7695500e-11
  65  36   1.0000000e-30
  65  37   1.0000000e-30
  65  38   1.0000000e-30
  65  39   1.0000000e-30
  65  40   1.0000000e-30
  65  41   1.0000000e-30
  65  42   1.0000000e-30
  65  43   1.0000000e-30
  65  44   1.0000000e-30
  65  45   1.0000000e-30
  65  46   1.0000000e-30
  65  47   1.0000000e-30
  65  48   1.0000000e-30
  65  49   1.0000000e-30
  65  50   1.0000000e-30
  65  51   1.0000000e-30
  65  52   1.0000000e-30
  65  53   1.0000000e-30
  65  54   1.0000000e-30
  65  55   1.0000000e-30
  65  56   1.0000000e-30
  65  57   1.0000000e-30
  65  58   1.0000000e-30
  65  59   1.0000000e-30
  65  60   1.0000000e-30
  65  61   1.0000000e-30
  65  62   1.0000000e-30
  65  63   1.0000000e-30
  65  64   1.0000000e-30
  65  65   1.0000000e-30
  65  66   1.0000000e-30
  65  67   1.0000000e-30
  65  68   1.0000000e-30
  65  69   1.0000000e-30
  65  70   1.0000000e-30
  65  71   1.0000000e-30
  65  72   1.0000000e-30
  65  73   1.0000000e-30
  65  74   1.0000000e-30
  65  75   1.0000000e-30
  65  76   1.0000000e-30
  65  77   1.0000000e-30
  65  78   1.0000000e-30
  65  79   1.0000000e-30
  65  80   1.0000000e-30
  65  81   1.0000000e-30
  65  82   1.0000000e-30
  65  83   1.0000000e-30
  65  84   1.0000000e-30
  65  85   1.0000000e-30
  65  86   1.0000000e-30
  65  87   1.0000000e-30
  65  88   1.0000000e-30
  65  89   1.0000000e-30
  65  90   1.0000000e-30
  65  91   1.0000000e-30
  65  92   1.0000000e-30
  65  93   5.3623300e-14
  65  94   2.8274600e-12
  65  95   1.1412100e-11
  65  96   1.4929400e-10
  65  97   7.0974700e-10
  65  98   4.2643320e-09
  65  99   1.7210330e-08
  65 100   6.0059120e-08
  65 101   9.9611310e-08
  65 102   1.6880790e-07
  65 103   1.5592950e-07
  65 104   1.0223090e-07
  65 105   4.0397620e-08
  65 106   1.2510120e-08
  65 107   7.9487470e-09
  65 108   1.0000000e-30
  66  36   1.0000000e-30
  66  37   1.0000000e-30
  66  38   1.0000000e-30
  66  39   1.0000000e-30
  66  40   1.0000000e-30
  66  41   1.0000000e-30
  66  42   1.0000000e-30
  66  43   1.0000000e-30
  66  44   1.0000000e-30
  66  45   1.0000000e-30
  66  46   1.0000000e-30
  66  47   1.0000000e-30
  66  48   1.0000000e-30
  66  49   1.0000000e-30
  66  50   1.0000000e-30
  66  51   1.0000000e-30
  66  52   1.0000000e-30
  66  53   1.0000000e-30
  66  54   1.0000000e-30
  66  55   1.0000000e-30
  66  56   1.0000000e-30
  66  57   1.0000000e-30
  66  58   1.0000000e-30
  66  59   1.0000000e-30
  66  60   1.0000000e-30
  66  61   1.0000000e-30
  66  62   1.0000000e-30
  66  63   1.0000000e-30
  66  64   1.0000000e-30
  66  65   1.0000000e-30
  66  66   1.0000000e-30
  66  67   1.0000000e-30
  66  68   1.0000000e-30
  66  69   1.0000000e-30
  66  70   1.0000000e-30
  66  71   1.0000000e-30
  66  72   1.0000000e-30
  66  73   1.0000000e-30
  66  74   1.0000000e-30
  66  75   1.0000000e-30
  66  76   1.0000000e-30
  66  77   1.0000000e-30
  66  78   1.0000000e-30
  66  79   1.0000000e-30
  66  80   1.0000000e-30
  66  81   1.0000000e-30
  66  82   1.0000000e-30
  66  83   1.0000000e-30
  66  84   1.0000000e-30
  66  85   1.0000000e-30
  66  86   1.0000000e-30
  66  87   1.0000000e-30
  66  88   1.0000000e-30
  66  89   1.0000000e-30
  66  90   1.0000000e-30
  66  91   1.0000000e-30
  66  92   1.0000000e-30
  66  93   1.0000000e-30
  66  94   1.0000000e-30
  66  95   1.1688700e-14
  66  96   2.2938200e-13
  66  97   3.3600100e-12
  66  98   5.2387500e-11
  66  99   5.1727060e-10
  66 100   2.6235470e-09
  66 101   9.2649000e-09
  66 102   3.1694310e-08
  66 103   4.7469420e-08
  66 104   5.4086620e-08
  66 105   3.5691530e-08
  66 106   6.6062730e-08
  66 107   1.0000000e-30
  66 108   1.0000000e-30
  67  36   1.0000000e-30
  67  37   1.0000000e-30
  67  38   1.0000000e-30
  67  39   1.0000000e-30
  67  40   1.0000000e-30
  67  41   1.0000000e-30
  67  42   1.0000000e-30
  67  43   1.0000000e-30
  67  44   1.0000000e-30
  67  45   1.0000000e-30
  67  46   1.0000000e-30
  67  47   1.0000000e-30
  67  48   1.0000000e-30
  67  49   1.0000000e-30
  67  50   1.0000000e-30
  67  51   1.0000000e-30
  67  52   1.0000000e-30
  67  53   1.0000000e-30
  67  54   1.0000000e-30
  67  55   1.0000000e-30
  67  56   1.0000000e-30
  67  57   1.0000000e-30
  67  58   1.0000000e-30
  67  59   1.0000000e-30
  67  60   1.0000000e-30
  67  61   1.0000000e-30
  67  62   1.0000000e-30
  67  63   1.0000000e-30
  67  64   1.0000000e-30
  67  65   1.0000000e-30
  67  66   1.0000000e-30
  67  67   1.0000000e-30
  67  68   1.0000000e-30
  67  69   1.0000000e-30
  67  70   1.0000000e-30
  67  71   1.0000000e-30
  67  72   1.0000000e-30
  67  73   1.0000000e-30
  67  74   1.0000000e-30
  67  75   1.0000000e-30
  67  76   1.0000000e-30
  67  77   1.0000000e-30
  67  78   1.0000000e-30
  67  79   1.0000000e-30
  67  80   1.0000000e-30
  67  81   1.0000000e-30
  67  82   1.0000000e-30
  67  83   1.0000000e-30
  67  84   1.0000000e-30
  67  85   1.0000000e-30
  67  86   1.0000000e-30
  67  87   1.0000000e-30
  67  88   1.0000000e-30
  67  89   1.0000000e-30
  67  90   1.0000000e-30
  67  91   1.0000000e-30
  67  92   1.0000000e-30
  67  93   1.0000000e-30
  67  94   1.0000000e-30
  67  95   1.0000000e-30
  67  96   1.0000000e-30
  67  97   1.0000000e-30
  67  98   2.2608700e-13
  67  99   2.5274340e-12
  67 100   2.8462200e-11
  67 101   2.7450830e-10
  67 102   1.5346330e-09
  67 103   4.0615480e-09
  67 104   8.5385400e-09
  67 105   3.1271030e-08
  67 106   1.0000000e-30
  67 107   1.0000000e-30
  67 108   1.0000000e-30
  68  36   1.0000000e-30
  68  37   1.0000000e-30
  68  38   1.0000000e-30
  68  39   1.0000000e-30
  68  40   1.0000000e-30
  68  41   1.0000000e-30
  68  42   1.0000000e-30
  68  43   1.0000000e-30
  68  44   1.0000000e-30
  68  45   1.0000000e-30
  68  46   1.0000000e-30
  68  47   1.0000000e-30
  68  48   1.0000000e-30
  68  49   1.0000000e-30
  68  50   1.0000000e-30
  68  51   1.0000000e-30
  68  52   1.0000000e-30
  68  53   1.0000000e-30
  68  54   1.0000000e-30
  68  55   1.0000000e-30
  68  56   1.0000000e-30
  68  57   1.0000000e-30
  68  58   1.0000000e-30
  68  59   1.0000000e-30
  68  60   1.0000000e-30
  68  61   1.0000000e-30
  68  62   1.0000000e-30
  68  63   1.0000000e-30
  68  64   1.0000000e-30
  68  65   1.0000000e-30
  68  66   1.0000000e-30
  68  67   1.0000000e-30
  68  68   1.0000000e-30
  68  69   1.0000000e-30
  68  70   1.0000000e-30
  68  71   1.0000000e-30
  68  72   1.0000000e-30
  68  73   1.0000000e-30
  68  74   1.0000000e-30
  68  75   1.0000000e-30
  68  76   1.0000000e-30
  68  77   1.0000000e-30
  68  78   1.0000000e-30
  68  79   1.0000000e-30
  68  80   1.0000000e-30
  68  81   1.0000000e-30
  68  82   1.0000000e-30
  68  83   1.0000000e-30
  68  84   1.0000000e-30
  68  85   1.0000000e-30
  68  86   1.0000000e-30
  68  87   1.0000000e-30
  68  88   1.0000000e-30
  68  89   1.0000000e-30
  68  90   1.0000000e-30
  68  91   1.0000000e-30
  68  92   1.0000000e-30
  68  93   1.0000000e-30
  68  94   1.0000000e-30
  68  95   1.0000000e-30
  68  96   1.0000000e-30
  68  97   1.0000000e-30
  68  98   1.0000000e-30
  68  99   4.2721990e-15
  68 100   1.7502400e-13
  68 101   2.7252000e-12
  68 102   2.5276500e-11
  68 103   1.3371900e-10
  68 104   1.5949430e-09
  68 105   1.0000000e-30
  68 106   1.0000000e-30
  68 107   1.0000000e-30
  68 108   1.0000000e-30
  69  36   1.0000000e-30
  69  37   1.0000000e-30
  69  38   1.0000000e-30
  69  39   1.0000000e-30
  69  40   1.0000000e-30
  69  41   1.0000000e-30
  69  42   1.0000000e-30
  69  43   1.0000000e-30
  69  44   1.0000000e-30
  69  45   1.0000000e-30
  69  46   1.0000000e-30
  69  47   1.0000000e-30
  69  48   1.0000000e-30
  69  49   1.0000000e-30
  69  50   1.0000000e-30
  69  51   1.0000000e-30
  69  52   1.0000000e-30
  69  53   1.0000000e-30
  69  54   1.0000000e-30
  69  55   1.0000000e-30
  69  56   1.0000000e-30
  69  57   1.0000000e-30
  69  58   1.0000000e-30
  69  59   1.0000000e-30
  69  60   1.0000000e-30
  69  61   1.0000000e-30
  69  62   1.0000000e-30
  69  63   1.0000000e-30
  69  64   1.0000000e-30
  69  65   1.0000000e-30
  69  66   1.0000000e-30
  69  67   1.0000000e-30
  69  68   1.0000000e-30
  69  69   1.0000000e-30
  69  70   1.0000000e-30
  69  71   1.0000000e-30
  69  72   1.0000000e-30
  69  73   1.0000000e-30
  69  74   1.0000000e-30
  69  75   1.0000000e-30
  69  76   1.0000000e-30
  69  77   1.0000000e-30
  69  78   1.0000000e-30
  69  79   1.0000000e-30
  69  80   1.0000000e-30
  69  81   1.0000000e-30
  69  82   1.0000000e-30
  69  83   1.0000000e-30
  69  84   1.0000000e-30
  69  85   1.0000000e-30
  69  86   1.0000000e-30
  69  87   1.0000000e-30
  69  88   1.0000000e-30
  69  89   1.0000000e-30
  69  90   1.0000000e-30
  69  91   1.0000000e-30
  69  92   1.0000000e-30
  69  93   1.0000000e-30
  69  94   1.0000000e-30
  69  95   1.0000000e-30
  69  96   1.0000000e-30
  69  97   1.0000000e-30
  69  98   1.0000000e-30
  69  99   1.0000000e-30
  69 100   1.0000000e-30
  69 101   5.3081600e-15
  69 102   1.0764400e-13
  69 103   2.9941700e-12
  69 104   1.0000000e-30
  69 105   1.0000000e-30
  69 106   1.0000000e-30
  69 107   1.0000000e-30
  69 108   1.0000000e-30
  70  36   1.0000000e-30
  70  37   1.0000000e-30
  70  38   1.0000000e-30
  70  39   1.0000000e-30
  70  40   1.0000000e-30
  70  41   1.0000000e-30
  70  42   1.0000000e-30
  70  43   1.0000000e-30
  70  44   1.0000000e-30
  70  45   1.0000000e-30
  70  46   1.0000000e-30
  70  47   1.0000000e-30
  70  48   1.0000000e-30
  70  49   1.0000000e-30
  70  50   1.0000000e-30
  70  51   1.0000000e-30
  70  52   1.0000000e-30
  70  53   1.0000000e-30
  70  54   1.0000000e-30
  70  55   1.0000000e-30
  70  56   1.0000000e-30
  70  57   1.0000000e-30
  70  58   1.0000000e-30
  70  59   1.0000000e-30
  70  60   1.0000000e-30
  70  61   1.0000000e-30
  70  62   1.0000000e-30
  70  63   1.0000000e-30
  70  64   1.0000000e-30
  70  65   1.0000000e-30
  70  66   1.0000000e-30
  70  67   1.0000000e-30
  70  68   1.0000000e-30
  70  69   1.0000000e-30
  70  70   1.0000000e-30
  70  71   1.0000000e-30
  70  72   1.0000000e-30
  70  73   1.0000000e-30
  70  74   1.0000000e-30
  70  75   1.0000000e-30
  70  76   1.0000000e-30
  70  77   1.0000000e-30
  70  78   1.0000000e-30
  70  79   1.0000000e-30
  70  80   1.0000000e-30
  70  81   1.0000000e-30
  70  82   1.0000000e-30
  70  83   1.0000000e-30
  70  84   1.0000000e-30
  70  85   1.0000000e-30
  70  86   1.0000000e-30
  70  87   1.0000000e-30
  70  88   1.0000000e-30
  70  89   1.0000000e-30
  70  90   1.0000000e-30
  70  91   1.0000000e-30
  70  92   1.0000000e-30
  70  93   1.0000000e-30
  70  94   1.0000000e-30
  70  95   1.0000000e-30
  70  96   1.0000000e-30
  70  97   1.0000000e-30
  70  98   1.0000000e-30
  70  99   1.0000000e-30
  70 100   1.0000000e-30
  70 101   1.0000000e-30
  70 102   1.0000000e-30
  70 103   1.0000000e-30
  70 104   1.0000000e-30
  70 105   1.0000000e-30
  70 106   1.0000000e-30
  70 107   1.0000000e-30
  70 108   1.0000000e-30
  71  36   1.0000000e-30
  71  37   1.0000000e-30
  71  38   1.0000000e-30
  71  39   1.0000000e-30
  71  40   1.0000000e-30
  71  41   1.0000000e-30
  71  42   1.0000000e-30
  71  43   1.0000000e-30
  71  44   1.0000000e-30
  71  45   1.0000000e-30
  71  46   1.0000000e-30
  71  47   1.0000000e-30
  71  48   1.0000000e-30
  71  49   1.0000000e-30
  71  50   1.0000000e-30
  71  51   1.0000000e-30
  71  52   1.0000000e-30
  71  53   1.0000000e-30
  71  54   1.0000000e-30
  71  55   1.0000000e-30
  71  56   1.0000000e-30
  71  57   1.0000000e-30
  71  58   1.0000000e-30
  71  59   1.0000000e-30
  71  60   1.0000000e-30
  71  61   1.0000000e-30
  71  62   1.0000000e-30
  71  63   1.0000000e-30
  71  64   1.0000000e-30
  71  65   1.0000000e-30
  71  66   1.0000000e-30
  71  67   1.0000000e-30
  71  68   1.0000000e-30
  71  69   1.0000000e-30
  71  70   1.0000000e-30
  71  71   1.0000000e-30
  71  72   1.0000000e-30
  71  73   1.0000000e-30
  71  74   1.0000000e-30
  71  75   1.0000000e-30
  71  76   1.0000000e-30
  71  77   1.0000000e-30
  71  78   1.0000000e-30
  71  79   1.0000000e-30
  71  80   1.0000000e-30
  71  81   1.0000000e-30
  71  82   1.0000000e-30
  71  83   1.0000000e-30
  71  84   1.0000000e-30
  71  85   1.0000000e-30
  71  86   1.0000000e-30
  71  87   1.0000000e-30
  71  88   1.0000000e-30
  71  89   1.0000000e-30
  71  90   1.0000000e-30
  71  91   1.0000000e-30
  71  92   1.0000000e-30
  71  93   1.0000000e-30
  71  94   1.0000000e-30
  71  95   1.0000000e-30
  71  96   1.0000000e-30
  71  97   1.0000000e-30
  71  98   1.0000000e-30
  71  99   1.0000000e-30
  71 100   1.0000000e-30
  71 101   1.0000000e-30
  71 102   1.0000000e-30
  71 103   1.0000000e-30
  71 104   1.0000000e-30
  71 105   1.0000000e-30
  71 106   1.0000000e-30
  71 107   1.0000000e-30
  71 108   1.0000000e-30
